+----------------------------------------------------------------------------------------------------------------------------------------------------------------------------------------------------------+
|                                                                                                  result                                                                                                  |
+-------+----------------+--------------------------+--------------------------+--------------------------------------------+-----------------------------+----------+-------------------------------------+
| model | benchmark_name |           rho            |            a             |                    m_eq                    |          time_scale         | diff_o_l |                  A                  |
+-------+----------------+--------------------------+--------------------------+--------------------------------------------+-----------------------------+----------+-------------------------------------+
|  3SR  |    CLIMBER2    | [0.0100, 0.0001, 0.0000] |     [0.0904, 0.0025]     |     [589.0000, 1179.0000, 37142.0000]      |      [7.3000, 574.1000]     |    0     |     [[-0.0904, 0.0451, 0.0000],     |
|       |                |                          |                          |                                            |                             |          |      [0.0904, -0.0476, 0.0001],     |
|       |                |                          |                          |                                            |                             |          |      [0.0000, 0.0025, -0.0001]]     |
|  4PR  |    CLIMBER2    | [0.0100, 0.0001, 0.0001] | [0.0365, 0.0033, 0.0604] | [589.0000, 845.0000, 37375.0000, 470.0000] | [6.3000, 24.4000, 681.2000] |  0.9781  | [[-0.0969, 0.0255, 0.0000, 0.0757], |
|       |                |                          |                          |                                            |                             |          |  [0.0365, -0.0288, 0.0001, 0.0000], |
|       |                |                          |                          |                                            |                             |          |  [0.0000, 0.0033, -0.0001, 0.0000], |
|       |                |                          |                          |                                            |                             |          |  [0.0604, 0.0000, 0.0000, -0.0757]] |
+-------+----------------+--------------------------+--------------------------+--------------------------------------------+-----------------------------+----------+-------------------------------------+