+-----------------------------------------------------------------------------------------------------------------------------------------------------------------------------------------------------------+
|                                                                                                   result                                                                                                  |
+-------+----------------+--------------------------+--------------------------+--------------------------------------------+------------------------------+----------+-------------------------------------+
| model | benchmark_name |           rho            |            a             |                    m_eq                    |          time_scale          | diff_o_l |                  A                  |
+-------+----------------+--------------------------+--------------------------+--------------------------------------------+------------------------------+----------+-------------------------------------+
|  3SR  |      MMM       | [0.0100, 0.0001, 0.0000] |     [0.0530, 0.0141]     |       [589.0000, 433.0000, 781.0000]       |      [7.5000, 77.9000]       |    0     |     [[-0.0530, 0.0720, 0.0000],     |
|       |                |                          |                          |                                            |                              |          |      [0.0530, -0.0861, 0.0078],     |
|       |                |                          |                          |                                            |                              |          |      [0.0000, 0.0141, -0.0078]]     |
|  4PR  |      MMM       | [0.0100, 0.0001, 0.0001] | [0.0127, 0.0015, 0.0441] | [589.0000, 769.0000, 37185.0000, 242.0000] | [6.4000, 52.6000, 1416.6000] |  0.6609  | [[-0.0568, 0.0097, 0.0000, 0.1074], |
|       |                |                          |                          |                                            |                              |          |  [0.0127, -0.0112, 0.0000, 0.0000], |
|       |                |                          |                          |                                            |                              |          |  [0.0000, 0.0015, -0.0000, 0.0000], |
|       |                |                          |                          |                                            |                              |          |  [0.0441, 0.0000, 0.0000, -0.1074]] |
+-------+----------------+--------------------------+--------------------------+--------------------------------------------+------------------------------+----------+-------------------------------------+