+----------------------------------------------------------------------------------------------------------------------------------------------------------------------------------------------------------+
|                                                                                                  result                                                                                                  |
+-------+----------------+--------------------------+--------------------------+--------------------------------------------+-----------------------------+----------+-------------------------------------+
| model | benchmark_name |           rho            |            a             |                    m_eq                    |          time_scale         | diff_o_l |                  A                  |
+-------+----------------+--------------------------+--------------------------+--------------------------------------------+-----------------------------+----------+-------------------------------------+
|  3SR  |     MESMO      | [0.0100, 0.0001, 0.0000] |     [0.0647, 0.0032]     |      [589.0000, 820.0000, 36790.0000]      |      [8.9000, 528.5000]     |    0     |     [[-0.0647, 0.0465, 0.0000],     |
|       |                |                          |                          |                                            |                             |          |      [0.0647, -0.0496, 0.0001],     |
|       |                |                          |                          |                                            |                             |          |      [0.0000, 0.0032, -0.0001]]     |
|  4PR  |     MESMO      | [0.0100, 0.0001, 0.0001] | [0.0210, 0.0025, 0.0666] | [589.0000, 763.0000, 37227.0000, 323.0000] | [5.1000, 33.5000, 879.9000] |  0.7671  | [[-0.0876, 0.0162, 0.0000, 0.1213], |
|       |                |                          |                          |                                            |                             |          |  [0.0210, -0.0187, 0.0001, 0.0000], |
|       |                |                          |                          |                                            |                             |          |  [0.0000, 0.0025, -0.0001, 0.0000], |
|       |                |                          |                          |                                            |                             |          |  [0.0666, 0.0000, 0.0000, -0.1213]] |
+-------+----------------+--------------------------+--------------------------+--------------------------------------------+-----------------------------+----------+-------------------------------------+