+-----------------------------------------------------------------------------------------------------------------------------------------------------------------------------------------------------------+
|                                                                                                   result                                                                                                  |
+-------+----------------+--------------------------+--------------------------+---------------------------------------------+-----------------------------+----------+-------------------------------------+
| model | benchmark_name |           rho            |            a             |                     m_eq                    |          time_scale         | diff_o_l |                  A                  |
+-------+----------------+--------------------------+--------------------------+---------------------------------------------+-----------------------------+----------+-------------------------------------+
|  3SR  |      MMM       | [0.0100, 0.0001, 0.0000] |     [0.0769, 0.0109]     |       [589.0000, 752.0000, 1289.0000]       |      [7.0000, 82.9000]      |    0     |     [[-0.0769, 0.0602, 0.0000],     |
|       |                |                          |                          |                                             |                             |          |      [0.0769, -0.0712, 0.0064],     |
|       |                |                          |                          |                                             |                             |          |      [0.0000, 0.0109, -0.0064]]     |
|  4PR  |      MMM       | [0.0100, 0.0001, 0.0001] | [0.0208, 0.0025, 0.0613] | [589.0000, 1078.0000, 37271.0000, 387.0000] | [6.1000, 42.0000, 748.2000] |  0.7152  | [[-0.0821, 0.0114, 0.0000, 0.0934], |
|       |                |                          |                          |                                             |                             |          |  [0.0208, -0.0139, 0.0001, 0.0000], |
|       |                |                          |                          |                                             |                             |          |  [0.0000, 0.0025, -0.0001, 0.0000], |
|       |                |                          |                          |                                             |                             |          |  [0.0613, 0.0000, 0.0000, -0.0934]] |
+-------+----------------+--------------------------+--------------------------+---------------------------------------------+-----------------------------+----------+-------------------------------------+