Time	100GtC	200GtC	500GtC	-100GtC	-200GtC	-500GtC
0	0	0	0	0	0	0
1	23	46.1	115.4	-23	-46	-114.8
2	43.4	87	219	-43.2	-86.1	-213.1
3	41.2	82.9	209.9	-40.8	-81.1	-198.6
4	39.7	80	203.5	-39.1	-77.5	-188.2
5	38.5	77.6	198.4	-37.7	-74.7	-180
6	37.4	75.6	194.1	-36.6	-72.4	-173.4
7	36.6	73.9	190.4	-35.7	-70.4	-167.8
8	35.8	72.5	187.1	-34.8	-68.7	-163.1
9	35.1	71.1	184.2	-34.1	-67.2	-159
10	34.5	70	181.5	-33.4	-65.8	-155.4
11	33.9	68.9	179.2	-32.9	-64.7	-152.2
12	33.4	67.9	177.1	-32.3	-63.6	-149.4
13	33	67.1	175.2	-31.9	-62.6	-146.9
14	32.6	66.3	173.4	-31.5	-61.8	-144.6
15	32.2	65.6	171.8	-31.1	-61	-142.6
16	31.9	64.9	170.3	-30.7	-60.3	-140.8
17	31.6	64.3	169	-30.4	-59.6	-139.2
18	31.3	63.8	167.8	-30.1	-59	-137.7
19	31	63.2	166.6	-29.8	-58.5	-136.3
20	30.8	62.7	165.5	-29.6	-57.9	-135
21	30.5	62.3	164.4	-29.3	-57.5	-133.9
22	30.3	61.9	163.4	-29.1	-57	-132.8
23	30.1	61.5	162.5	-28.9	-56.6	-131.8
24	29.9	61.1	161.6	-28.7	-56.2	-130.9
25	29.8	60.7	160.8	-28.5	-55.9	-130
26	29.6	60.4	160	-28.4	-55.5	-129.2
27	29.4	60	159.2	-28.2	-55.2	-128.4
28	29.3	59.7	158.4	-28.1	-54.9	-127.7
29	29.1	59.4	157.7	-27.9	-54.5	-127.1
30	29	59.1	157	-27.8	-54.3	-126.4
31	28.8	58.9	156.3	-27.6	-54	-125.8
32	28.7	58.6	155.6	-27.5	-53.7	-125.3
33	28.6	58.4	154.9	-27.4	-53.5	-124.7
34	28.5	58.1	154.3	-27.3	-53.2	-124.2
35	28.3	57.9	153.7	-27.2	-53	-123.7
36	28.2	57.7	153.1	-27.1	-52.8	-123.3
37	28.1	57.5	152.5	-27	-52.6	-122.8
38	28	57.3	151.9	-26.9	-52.4	-122.4
39	27.9	57.1	151.4	-26.8	-52.2	-122
40	27.8	56.9	150.9	-26.7	-52.1	-121.6
41	27.7	56.7	150.3	-26.6	-51.9	-121.2
42	27.6	56.5	149.8	-26.6	-51.7	-120.8
43	27.5	56.3	149.3	-26.5	-51.6	-120.5
44	27.5	56.1	148.9	-26.4	-51.4	-120.1
45	27.4	56	148.4	-26.3	-51.3	-119.7
46	27.3	55.8	148	-26.3	-51.1	-119.3
47	27.3	55.7	147.5	-26.2	-51	-118.9
48	27.2	55.5	147.1	-26.1	-50.8	-118.6
49	27.1	55.4	146.7	-26.1	-50.7	-118.2
50	27.1	55.2	146.3	-26	-50.6	-117.9
51	27	55.1	145.9	-25.9	-50.4	-117.6
52	26.9	54.9	145.5	-25.9	-50.3	-117.3
53	26.9	54.8	145.1	-25.8	-50.2	-117
54	26.8	54.7	144.7	-25.7	-50	-116.7
55	26.8	54.5	144.3	-25.7	-49.9	-116.4
56	26.7	54.4	144	-25.6	-49.8	-116.1
57	26.7	54.3	143.6	-25.6	-49.7	-115.9
58	26.6	54.1	143.3	-25.5	-49.6	-115.6
59	26.5	54	142.9	-25.5	-49.5	-115.4
60	26.5	53.9	142.6	-25.4	-49.4	-115.1
61	26.4	53.7	142.3	-25.4	-49.3	-114.9
62	26.4	53.6	142	-25.4	-49.2	-114.7
63	26.3	53.5	141.7	-25.3	-49.1	-114.5
64	26.3	53.4	141.5	-25.3	-49	-114.3
65	26.2	53.3	141.2	-25.2	-48.9	-114.1
66	26.2	53.2	140.9	-25.2	-48.9	-113.9
67	26.1	53.1	140.7	-25.1	-48.8	-113.7
68	26.1	52.9	140.4	-25.1	-48.7	-113.5
69	26	52.8	140.2	-25.1	-48.6	-113.4
70	26	52.7	139.9	-25	-48.5	-113.2
71	25.9	52.6	139.7	-25	-48.5	-113.1
72	25.9	52.5	139.4	-24.9	-48.4	-112.9
73	25.8	52.4	139.2	-24.9	-48.3	-112.8
74	25.8	52.4	139	-24.9	-48.3	-112.7
75	25.8	52.3	138.7	-24.9	-48.2	-112.5
76	25.7	52.2	138.5	-24.8	-48.1	-112.4
77	25.7	52.1	138.3	-24.8	-48	-112.3
78	25.7	52	138.1	-24.8	-48	-112.2
79	25.6	51.9	137.8	-24.7	-47.9	-112.1
80	25.6	51.9	137.6	-24.7	-47.9	-111.9
81	25.5	51.8	137.4	-24.7	-47.8	-111.8
82	25.5	51.7	137.2	-24.7	-47.7	-111.7
83	25.5	51.7	137	-24.6	-47.7	-111.6
84	25.4	51.6	136.8	-24.6	-47.6	-111.5
85	25.4	51.5	136.6	-24.6	-47.5	-111.4
86	25.4	51.5	136.4	-24.5	-47.5	-111.3
87	25.3	51.4	136.2	-24.5	-47.4	-111.2
88	25.3	51.3	136	-24.5	-47.4	-111.1
89	25.3	51.3	135.9	-24.4	-47.3	-111
90	25.2	51.2	135.7	-24.4	-47.2	-110.9
91	25.2	51.1	135.5	-24.4	-47.2	-110.8
92	25.2	51.1	135.3	-24.4	-47.1	-110.7
93	25.1	51	135.1	-24.3	-47.1	-110.6
94	25.1	50.9	135	-24.3	-47	-110.5
95	25.1	50.9	134.8	-24.3	-47	-110.4
96	25	50.8	134.6	-24.3	-47	-110.3
97	25	50.7	134.5	-24.2	-46.9	-110.3
98	25	50.6	134.3	-24.2	-46.9	-110.2
99	25	50.6	134.1	-24.2	-46.8	-110.1
100	24.9	50.5	134	-24.2	-46.8	-110
101	24.9	50.4	133.8	-24.1	-46.7	-109.9
102	24.9	50.4	133.7	-24.1	-46.7	-109.8
103	24.8	50.3	133.5	-24.1	-46.7	-109.7
104	24.8	50.2	133.4	-24.1	-46.6	-109.6
105	24.8	50.1	133.2	-24	-46.6	-109.6
106	24.7	50.1	133.1	-24	-46.6	-109.5
107	24.7	50	132.9	-24	-46.5	-109.4
108	24.7	50	132.8	-24	-46.5	-109.3
109	24.7	49.9	132.6	-23.9	-46.4	-109.2
110	24.6	49.9	132.5	-23.9	-46.4	-109.1
111	24.6	49.8	132.4	-23.9	-46.4	-109
112	24.6	49.8	132.2	-23.9	-46.3	-108.9
113	24.6	49.7	132.1	-23.8	-46.3	-108.8
114	24.5	49.7	132	-23.8	-46.2	-108.7
115	24.5	49.6	131.9	-23.8	-46.2	-108.7
116	24.5	49.6	131.7	-23.8	-46.2	-108.6
117	24.4	49.6	131.6	-23.7	-46.1	-108.5
118	24.4	49.5	131.5	-23.7	-46.1	-108.4
119	24.4	49.5	131.3	-23.7	-46	-108.3
120	24.4	49.4	131.2	-23.7	-46	-108.2
121	24.4	49.4	131.1	-23.7	-46	-108.1
122	24.3	49.3	131	-23.7	-45.9	-108.1
123	24.3	49.3	130.8	-23.6	-45.9	-108
124	24.3	49.2	130.7	-23.6	-45.8	-107.9
125	24.2	49.2	130.6	-23.6	-45.8	-107.8
126	24.2	49.1	130.4	-23.6	-45.8	-107.8
127	24.2	49.1	130.3	-23.6	-45.7	-107.7
128	24.1	49	130.2	-23.6	-45.7	-107.6
129	24.1	49	130.1	-23.5	-45.7	-107.6
130	24.1	48.9	130	-23.5	-45.7	-107.5
131	24.1	48.9	129.9	-23.5	-45.6	-107.4
132	24.1	48.8	129.8	-23.5	-45.6	-107.3
133	24	48.8	129.7	-23.5	-45.5	-107.3
134	24	48.7	129.6	-23.4	-45.5	-107.2
135	24	48.7	129.4	-23.4	-45.5	-107.1
136	24	48.6	129.3	-23.4	-45.4	-107
137	24	48.6	129.2	-23.4	-45.4	-107
138	23.9	48.5	129.2	-23.4	-45.4	-106.9
139	23.9	48.5	129.1	-23.3	-45.3	-106.8
140	23.9	48.4	128.9	-23.3	-45.3	-106.7
141	23.9	48.4	128.8	-23.3	-45.3	-106.6
142	23.9	48.4	128.7	-23.3	-45.3	-106.6
143	23.9	48.3	128.6	-23.3	-45.2	-106.5
144	23.8	48.3	128.5	-23.2	-45.2	-106.4
145	23.8	48.2	128.4	-23.2	-45.2	-106.3
146	23.8	48.2	128.3	-23.2	-45.2	-106.3
147	23.8	48.2	128.2	-23.2	-45.1	-106.2
148	23.8	48.1	128.1	-23.2	-45.1	-106.1
149	23.7	48.1	128	-23.2	-45.1	-106.1
150	23.7	48.1	127.9	-23.2	-45.1	-106
151	23.7	48	127.9	-23.1	-45	-105.9
152	23.7	48	127.8	-23.1	-45	-105.8
153	23.6	47.9	127.6	-23.1	-45	-105.8
154	23.6	47.9	127.5	-23.1	-44.9	-105.7
155	23.6	47.9	127.4	-23.1	-44.9	-105.6
156	23.6	47.8	127.4	-23.1	-44.9	-105.5
157	23.6	47.8	127.3	-23.1	-44.9	-105.5
158	23.5	47.8	127.2	-23	-44.8	-105.4
159	23.5	47.7	127.1	-23	-44.8	-105.3
160	23.5	47.7	127	-23	-44.8	-105.3
161	23.5	47.7	126.9	-23	-44.8	-105.2
162	23.5	47.6	126.8	-23	-44.7	-105.2
163	23.4	47.6	126.7	-23	-44.7	-105.1
164	23.4	47.6	126.6	-22.9	-44.7	-105
165	23.4	47.6	126.5	-22.9	-44.7	-104.9
166	23.4	47.5	126.4	-22.9	-44.7	-104.9
167	23.4	47.5	126.3	-22.9	-44.6	-104.8
168	23.4	47.5	126.2	-22.9	-44.6	-104.7
169	23.3	47.4	126.1	-22.9	-44.6	-104.7
170	23.3	47.4	126	-22.9	-44.6	-104.6
171	23.3	47.4	125.9	-22.8	-44.6	-104.5
172	23.3	47.3	125.8	-22.8	-44.5	-104.5
173	23.3	47.3	125.8	-22.8	-44.5	-104.4
174	23.2	47.3	125.7	-22.8	-44.5	-104.4
175	23.2	47.2	125.6	-22.8	-44.5	-104.3
176	23.2	47.2	125.5	-22.8	-44.5	-104.3
177	23.2	47.2	125.4	-22.8	-44.4	-104.2
178	23.2	47.1	125.3	-22.8	-44.4	-104.1
179	23.1	47.1	125.3	-22.7	-44.4	-104.1
180	23.1	47.1	125.2	-22.7	-44.4	-104
181	23.1	47	125.1	-22.7	-44.3	-103.9
182	23.1	47	125	-22.7	-44.3	-103.9
183	23.1	47	125	-22.7	-44.3	-103.8
184	23	47	124.9	-22.7	-44.2	-103.7
185	23	47	124.8	-22.7	-44.2	-103.7
186	23	46.9	124.8	-22.6	-44.2	-103.6
187	23	46.9	124.7	-22.6	-44.2	-103.6
188	23	46.9	124.6	-22.6	-44.1	-103.5
189	23	46.9	124.6	-22.6	-44.1	-103.5
190	23	46.8	124.5	-22.6	-44.1	-103.4
191	23	46.8	124.5	-22.6	-44.1	-103.3
192	23	46.8	124.4	-22.6	-44	-103.3
193	23	46.8	124.3	-22.5	-44	-103.2
194	23	46.7	124.3	-22.5	-44	-103.1
195	23	46.7	124.2	-22.5	-43.9	-103.1
196	22.9	46.7	124.2	-22.5	-43.9	-103
197	22.9	46.6	124.1	-22.5	-43.9	-102.9
198	22.9	46.6	124	-22.4	-43.8	-102.9
199	22.9	46.6	124	-22.4	-43.8	-102.8
200	22.9	46.6	123.9	-22.4	-43.8	-102.8
201	22.9	46.5	123.9	-22.4	-43.8	-102.7
202	22.9	46.5	123.8	-22.4	-43.7	-102.7
203	22.9	46.5	123.7	-22.4	-43.7	-102.6
204	22.9	46.5	123.7	-22.4	-43.7	-102.6
205	22.9	46.4	123.6	-22.4	-43.7	-102.5
206	22.8	46.4	123.6	-22.3	-43.7	-102.5
207	22.8	46.4	123.5	-22.3	-43.7	-102.4
208	22.8	46.4	123.4	-22.3	-43.6	-102.3
209	22.8	46.3	123.4	-22.3	-43.6	-102.3
210	22.8	46.3	123.3	-22.3	-43.6	-102.2
211	22.8	46.3	123.3	-22.3	-43.6	-102.2
212	22.8	46.3	123.2	-22.3	-43.6	-102.1
213	22.8	46.2	123.2	-22.2	-43.5	-102.1
214	22.8	46.2	123.1	-22.2	-43.5	-102
215	22.8	46.2	123.1	-22.2	-43.5	-101.9
216	22.8	46.2	123	-22.2	-43.4	-101.9
217	22.7	46.2	123	-22.2	-43.4	-101.8
218	22.7	46.1	122.9	-22.2	-43.4	-101.8
219	22.7	46.1	122.8	-22.2	-43.4	-101.7
220	22.7	46.1	122.8	-22.2	-43.4	-101.7
221	22.7	46.1	122.7	-22.1	-43.3	-101.6
222	22.7	46.1	122.7	-22.1	-43.3	-101.6
223	22.7	46	122.6	-22.1	-43.3	-101.5
224	22.7	46	122.6	-22.1	-43.3	-101.5
225	22.7	46	122.5	-22.1	-43.3	-101.4
226	22.6	46	122.4	-22.1	-43.2	-101.4
227	22.6	45.9	122.4	-22.1	-43.2	-101.3
228	22.6	45.9	122.3	-22.1	-43.2	-101.3
229	22.6	45.9	122.3	-22	-43.2	-101.2
230	22.6	45.9	122.2	-22	-43.1	-101.2
231	22.6	45.8	122.2	-22	-43.1	-101.1
232	22.6	45.8	122.1	-22	-43.1	-101
233	22.6	45.8	122.1	-22	-43.1	-101
234	22.6	45.8	122	-22	-43	-100.9
235	22.6	45.8	122	-22	-43	-100.9
236	22.6	45.8	121.9	-21.9	-43	-100.8
237	22.6	45.7	121.9	-21.9	-43	-100.8
238	22.5	45.7	121.8	-21.9	-42.9	-100.7
239	22.5	45.7	121.8	-21.9	-42.9	-100.7
240	22.5	45.7	121.7	-21.9	-42.9	-100.6
241	22.5	45.6	121.7	-21.9	-42.8	-100.6
242	22.5	45.6	121.6	-21.9	-42.8	-100.5
243	22.5	45.6	121.6	-21.8	-42.8	-100.5
244	22.5	45.6	121.5	-21.8	-42.8	-100.4
245	22.5	45.6	121.5	-21.8	-42.8	-100.4
246	22.5	45.5	121.4	-21.8	-42.7	-100.3
247	22.5	45.5	121.4	-21.8	-42.7	-100.3
248	22.5	45.5	121.3	-21.8	-42.7	-100.2
249	22.5	45.5	121.3	-21.8	-42.7	-100.2
250	22.4	45.5	121.2	-21.8	-42.6	-100.1
251	22.4	45.5	121.2	-21.8	-42.6	-100.1
252	22.4	45.4	121.1	-21.8	-42.6	-100.1
253	22.4	45.4	121.1	-21.8	-42.6	-100.1
254	22.4	45.4	121	-21.8	-42.6	-100
255	22.4	45.4	121	-21.8	-42.6	-100
256	22.4	45.3	120.9	-21.8	-42.6	-99.9
257	22.4	45.3	120.9	-21.7	-42.5	-99.9
258	22.3	45.3	120.8	-21.7	-42.5	-99.9
259	22.3	45.3	120.8	-21.7	-42.5	-99.8
260	22.3	45.3	120.7	-21.7	-42.5	-99.8
261	22.3	45.2	120.7	-21.7	-42.5	-99.7
262	22.3	45.2	120.6	-21.7	-42.5	-99.7
263	22.3	45.2	120.6	-21.7	-42.4	-99.6
264	22.3	45.2	120.5	-21.7	-42.4	-99.6
265	22.3	45.2	120.5	-21.7	-42.4	-99.5
266	22.2	45.2	120.4	-21.7	-42.4	-99.5
267	22.2	45.1	120.4	-21.7	-42.4	-99.4
268	22.2	45.1	120.3	-21.7	-42.4	-99.4
269	22.2	45.1	120.3	-21.7	-42.3	-99.3
270	22.2	45.1	120.2	-21.7	-42.3	-99.3
271	22.2	45.1	120.2	-21.6	-42.3	-99.3
272	22.2	45.1	120.2	-21.6	-42.3	-99.2
273	22.2	45	120.1	-21.6	-42.3	-99.2
274	22.2	45	120.1	-21.6	-42.3	-99.1
275	22.2	45	120	-21.6	-42.3	-99.1
276	22.2	45	120	-21.6	-42.2	-99
277	22.2	45	120	-21.6	-42.2	-99
278	22.1	45	119.9	-21.6	-42.2	-98.9
279	22.1	44.9	119.9	-21.6	-42.2	-98.9
280	22.1	44.9	119.8	-21.6	-42.2	-98.9
281	22.1	44.9	119.8	-21.5	-42.1	-98.8
282	22.1	44.9	119.8	-21.5	-42.1	-98.8
283	22.1	44.9	119.7	-21.5	-42.1	-98.7
284	22.1	44.9	119.7	-21.5	-42.1	-98.7
285	22.1	44.8	119.7	-21.5	-42.1	-98.7
286	22.1	44.8	119.6	-21.5	-42.1	-98.6
287	22.1	44.8	119.6	-21.5	-42	-98.6
288	22.1	44.8	119.5	-21.5	-42	-98.5
289	22.1	44.8	119.5	-21.5	-42	-98.5
290	22	44.8	119.5	-21.5	-42	-98.4
291	22	44.8	119.4	-21.4	-42	-98.4
292	22	44.8	119.4	-21.4	-42	-98.4
293	22	44.8	119.3	-21.4	-41.9	-98.3
294	22	44.7	119.3	-21.4	-41.9	-98.3
295	22	44.7	119.3	-21.4	-41.9	-98.3
296	22	44.7	119.2	-21.4	-41.9	-98.3
297	22	44.7	119.2	-21.4	-41.9	-98.2
298	21.9	44.7	119.1	-21.4	-41.9	-98.2
299	21.9	44.6	119.1	-21.4	-41.9	-98.2
300	21.9	44.6	119.1	-21.4	-41.8	-98.1
301	21.9	44.6	119	-21.4	-41.8	-98.1
302	21.9	44.6	119	-21.4	-41.8	-98.1
303	21.9	44.6	118.9	-21.4	-41.8	-98
304	21.9	44.6	118.9	-21.3	-41.8	-98
305	21.9	44.6	118.9	-21.3	-41.8	-97.9
306	21.9	44.6	118.8	-21.3	-41.7	-97.9
307	21.9	44.5	118.8	-21.3	-41.7	-97.9
308	21.9	44.5	118.7	-21.3	-41.7	-97.9
309	21.8	44.5	118.7	-21.3	-41.7	-97.8
310	21.8	44.5	118.7	-21.3	-41.7	-97.8
311	21.8	44.5	118.6	-21.3	-41.7	-97.8
312	21.8	44.5	118.6	-21.3	-41.7	-97.7
313	21.8	44.5	118.6	-21.3	-41.6	-97.7
314	21.8	44.4	118.5	-21.3	-41.6	-97.6
315	21.8	44.4	118.5	-21.3	-41.6	-97.6
316	21.8	44.4	118.5	-21.2	-41.6	-97.6
317	21.8	44.4	118.5	-21.2	-41.6	-97.5
318	21.8	44.4	118.4	-21.2	-41.6	-97.5
319	21.8	44.3	118.4	-21.2	-41.5	-97.4
320	21.7	44.3	118.4	-21.2	-41.5	-97.4
321	21.7	44.3	118.4	-21.2	-41.5	-97.4
322	21.7	44.3	118.3	-21.2	-41.5	-97.3
323	21.7	44.3	118.3	-21.2	-41.5	-97.3
324	21.7	44.3	118.3	-21.2	-41.5	-97.2
325	21.7	44.3	118.2	-21.2	-41.4	-97.2
326	21.7	44.2	118.2	-21.2	-41.4	-97.1
327	21.7	44.2	118.2	-21.1	-41.4	-97.1
328	21.7	44.2	118.2	-21.1	-41.4	-97.1
329	21.7	44.2	118.1	-21.1	-41.4	-97
330	21.7	44.2	118.1	-21.1	-41.3	-97
331	21.7	44.1	118.1	-21.1	-41.3	-97
332	21.6	44.1	118	-21.1	-41.3	-96.9
333	21.6	44.1	118	-21.1	-41.3	-96.9
334	21.6	44.1	118	-21.1	-41.3	-96.9
335	21.6	44.1	117.9	-21.1	-41.3	-96.8
336	21.6	44	117.9	-21.1	-41.3	-96.8
337	21.6	44	117.9	-21.1	-41.3	-96.8
338	21.6	44	117.8	-21.1	-41.3	-96.7
339	21.6	44	117.8	-21.1	-41.3	-96.7
340	21.6	44	117.7	-21.1	-41.3	-96.7
341	21.6	44	117.7	-21	-41.2	-96.7
342	21.6	43.9	117.7	-21	-41.2	-96.6
343	21.6	43.9	117.6	-21	-41.2	-96.6
344	21.5	43.9	117.6	-21	-41.2	-96.6
345	21.5	43.9	117.5	-21	-41.2	-96.5
346	21.5	43.9	117.5	-21	-41.2	-96.5
347	21.5	43.8	117.4	-21	-41.1	-96.5
348	21.5	43.8	117.4	-21	-41.1	-96.4
349	21.5	43.8	117.3	-21	-41.1	-96.4
350	21.5	43.8	117.3	-21	-41.1	-96.4
351	21.5	43.8	117.2	-21	-41.1	-96.4
352	21.5	43.7	117.2	-21	-41.1	-96.3
353	21.5	43.7	117.1	-21	-41.1	-96.3
354	21.4	43.7	117.1	-21	-41.1	-96.3
355	21.4	43.7	117	-21	-41	-96.3
356	21.4	43.7	117	-21	-41	-96.2
357	21.4	43.7	116.9	-21	-41	-96.2
358	21.4	43.7	116.9	-21	-41	-96.2
359	21.4	43.7	116.9	-21	-41	-96.2
360	21.4	43.6	116.8	-21	-41	-96.1
361	21.3	43.6	116.8	-21	-41	-96.1
362	21.3	43.6	116.8	-21	-41	-96.1
363	21.3	43.6	116.7	-21	-41	-96
364	21.3	43.6	116.7	-20.9	-41	-96
365	21.3	43.6	116.6	-20.9	-40.9	-96
366	21.3	43.5	116.6	-20.9	-40.9	-96
367	21.3	43.5	116.6	-20.9	-40.9	-95.9
368	21.3	43.5	116.5	-20.9	-40.9	-95.9
369	21.3	43.5	116.5	-20.9	-40.9	-95.9
370	21.3	43.5	116.4	-20.9	-40.9	-95.8
371	21.3	43.5	116.4	-20.9	-40.8	-95.8
372	21.3	43.4	116.4	-20.9	-40.8	-95.8
373	21.3	43.4	116.3	-20.8	-40.8	-95.7
374	21.3	43.4	116.3	-20.8	-40.8	-95.7
375	21.3	43.4	116.3	-20.8	-40.8	-95.7
376	21.3	43.4	116.2	-20.8	-40.8	-95.7
377	21.3	43.4	116.2	-20.8	-40.8	-95.7
378	21.2	43.4	116.1	-20.8	-40.8	-95.6
379	21.2	43.3	116.1	-20.8	-40.7	-95.6
380	21.2	43.3	116.1	-20.8	-40.8	-95.6
381	21.2	43.3	116	-20.8	-40.8	-95.6
382	21.2	43.3	116	-20.8	-40.8	-95.6
383	21.2	43.3	115.9	-20.8	-40.7	-95.5
384	21.2	43.3	115.9	-20.8	-40.7	-95.5
385	21.2	43.2	115.9	-20.8	-40.7	-95.5
386	21.2	43.2	115.8	-20.8	-40.7	-95.5
387	21.2	43.2	115.8	-20.8	-40.7	-95.4
388	21.2	43.1	115.7	-20.8	-40.7	-95.4
389	21.1	43.1	115.7	-20.8	-40.7	-95.4
390	21.1	43.1	115.7	-20.8	-40.7	-95.4
391	21.1	43.1	115.6	-20.8	-40.7	-95.3
392	21.1	43.1	115.6	-20.8	-40.7	-95.3
393	21.1	43.1	115.5	-20.8	-40.7	-95.3
394	21.1	43	115.5	-20.8	-40.7	-95.3
395	21.1	43	115.5	-20.8	-40.7	-95.2
396	21.1	43	115.4	-20.8	-40.7	-95.2
397	21.1	43	115.4	-20.7	-40.6	-95.2
398	21	43	115.4	-20.7	-40.6	-95.2
399	21	43	115.3	-20.7	-40.6	-95.1
400	21	43	115.3	-20.7	-40.6	-95.1
401	21.1	43	115.3	-20.7	-40.6	-95.1
402	21.1	43	115.2	-20.7	-40.6	-95
403	21.1	43	115.2	-20.7	-40.6	-95
404	21.1	42.9	115.2	-20.7	-40.6	-95
405	21	42.9	115.1	-20.7	-40.6	-95
406	21	42.9	115.1	-20.7	-40.6	-94.9
407	21	42.9	115	-20.6	-40.5	-94.9
408	21	42.9	115	-20.6	-40.5	-94.9
409	21	42.9	115	-20.6	-40.5	-94.8
410	21	42.9	114.9	-20.6	-40.5	-94.8
411	21	42.8	114.9	-20.6	-40.5	-94.8
412	21	42.8	114.8	-20.6	-40.5	-94.8
413	21	42.8	114.8	-20.6	-40.5	-94.7
414	21	42.8	114.8	-20.6	-40.4	-94.7
415	21	42.8	114.7	-20.6	-40.4	-94.7
416	21	42.8	114.7	-20.6	-40.4	-94.6
417	21	42.8	114.7	-20.6	-40.4	-94.6
418	21.1	42.8	114.7	-20.5	-40.4	-94.6
419	21.1	42.8	114.6	-20.5	-40.4	-94.5
420	21.1	42.8	114.6	-20.5	-40.4	-94.5
421	21.1	42.8	114.6	-20.5	-40.3	-94.5
422	21.1	42.8	114.5	-20.5	-40.3	-94.5
423	21.1	42.8	114.5	-20.5	-40.3	-94.5
424	21.1	42.8	114.5	-20.5	-40.3	-94.4
425	21.1	42.8	114.4	-20.5	-40.3	-94.4
426	21.1	42.8	114.4	-20.5	-40.3	-94.4
427	21.1	42.7	114.4	-20.5	-40.3	-94.4
428	21.1	42.7	114.3	-20.5	-40.3	-94.4
429	21.1	42.7	114.3	-20.5	-40.3	-94.3
430	21	42.7	114.3	-20.5	-40.3	-94.3
431	21	42.7	114.2	-20.5	-40.3	-94.3
432	21	42.7	114.2	-20.5	-40.2	-94.3
433	21	42.7	114.2	-20.5	-40.2	-94.3
434	21	42.7	114.2	-20.5	-40.2	-94.2
435	21	42.6	114.1	-20.5	-40.2	-94.2
436	21	42.6	114.1	-20.5	-40.2	-94.2
437	21	42.6	114.1	-20.5	-40.2	-94.2
438	21	42.6	114	-20.4	-40.2	-94.1
439	21	42.6	114	-20.4	-40.2	-94.1
440	21	42.6	114	-20.4	-40.2	-94.1
441	21	42.5	113.9	-20.4	-40.2	-94.1
442	21	42.5	113.9	-20.4	-40.2	-94.1
443	21	42.5	113.9	-20.4	-40.1	-94
444	21	42.5	113.9	-20.4	-40.1	-94
445	21	42.5	113.8	-20.4	-40.1	-94
446	20.9	42.5	113.8	-20.4	-40.1	-94
447	20.9	42.5	113.8	-20.4	-40.1	-93.9
448	20.9	42.5	113.8	-20.4	-40.1	-93.9
449	20.9	42.5	113.7	-20.4	-40.1	-93.9
450	20.9	42.5	113.7	-20.4	-40.1	-93.8
451	20.9	42.4	113.7	-20.4	-40	-93.8
452	20.9	42.4	113.7	-20.4	-40	-93.8
453	20.9	42.4	113.6	-20.4	-40	-93.8
454	20.9	42.4	113.6	-20.4	-40	-93.7
455	20.9	42.4	113.6	-20.3	-40	-93.7
456	20.9	42.4	113.6	-20.3	-40	-93.7
457	20.9	42.4	113.5	-20.3	-40	-93.6
458	20.9	42.4	113.5	-20.3	-40	-93.6
459	20.9	42.4	113.5	-20.3	-40	-93.6
460	20.9	42.4	113.5	-20.3	-39.9	-93.6
461	20.9	42.4	113.4	-20.3	-39.9	-93.6
462	20.9	42.4	113.4	-20.3	-39.9	-93.6
463	20.9	42.4	113.4	-20.3	-39.9	-93.6
464	20.9	42.4	113.4	-20.3	-39.9	-93.5
465	20.9	42.4	113.3	-20.3	-39.9	-93.5
466	20.9	42.4	113.3	-20.3	-39.9	-93.5
467	20.9	42.3	113.3	-20.3	-39.9	-93.5
468	20.9	42.3	113.3	-20.3	-39.9	-93.4
469	20.9	42.3	113.2	-20.3	-39.9	-93.4
470	20.9	42.3	113.2	-20.3	-39.9	-93.4
471	20.9	42.3	113.2	-20.3	-39.9	-93.4
472	20.9	42.3	113.1	-20.3	-39.9	-93.4
473	20.9	42.3	113.1	-20.3	-39.8	-93.4
474	20.9	42.2	113.1	-20.3	-39.8	-93.3
475	20.9	42.2	113.1	-20.3	-39.8	-93.3
476	20.9	42.2	113	-20.3	-39.8	-93.3
477	20.9	42.2	113	-20.3	-39.8	-93.3
478	20.9	42.2	113	-20.3	-39.8	-93.3
479	20.8	42.2	113	-20.3	-39.8	-93.2
480	20.8	42.2	113	-20.3	-39.8	-93.2
481	20.8	42.2	112.9	-20.3	-39.8	-93.2
482	20.8	42.2	112.9	-20.3	-39.7	-93.2
483	20.8	42.2	112.9	-20.3	-39.7	-93.2
484	20.8	42.2	112.9	-20.3	-39.7	-93.2
485	20.8	42.2	112.9	-20.3	-39.7	-93.2
486	20.8	42.2	112.8	-20.3	-39.7	-93.2
487	20.8	42.2	112.8	-20.3	-39.7	-93.1
488	20.8	42.2	112.8	-20.3	-39.7	-93.1
489	20.8	42.1	112.8	-20.2	-39.7	-93.1
490	20.8	42.1	112.7	-20.2	-39.7	-93.1
491	20.8	42.1	112.7	-20.2	-39.7	-93
492	20.8	42.1	112.7	-20.2	-39.7	-93
493	20.8	42.1	112.7	-20.2	-39.6	-93
494	20.8	42.1	112.7	-20.2	-39.6	-93
495	20.8	42.1	112.6	-20.2	-39.6	-93
496	20.8	42.1	112.6	-20.2	-39.6	-92.9
497	20.8	42.1	112.6	-20.2	-39.6	-92.9
498	20.8	42.1	112.6	-20.2	-39.6	-92.9
499	20.8	42.1	112.6	-20.2	-39.6	-92.9
500	20.8	42.1	112.5	-20.2	-39.6	-92.9
501	20.8	42.1	112.5	-20.2	-39.6	-92.9
502	20.8	42.1	112.5	-20.2	-39.6	-92.9
503	20.7	42.2	112.5	-20.2	-39.6	-92.9
504	20.7	42.2	112.5	-20.2	-39.6	-92.8
505	20.7	42.2	112.4	-20.1	-39.5	-92.8
506	20.7	42.2	112.4	-20.1	-39.5	-92.8
507	20.7	42.2	112.4	-20.1	-39.5	-92.8
508	20.7	42.2	112.4	-20.1	-39.5	-92.8
509	20.7	42.2	112.3	-20.1	-39.5	-92.8
510	20.7	42.2	112.3	-20.1	-39.5	-92.7
511	20.7	42.2	112.3	-20.1	-39.5	-92.7
512	20.7	42.2	112.3	-20.1	-39.5	-92.7
513	20.7	42.2	112.3	-20.1	-39.5	-92.7
514	20.7	42.2	112.2	-20.1	-39.5	-92.7
515	20.7	42.2	112.2	-20.1	-39.5	-92.7
516	20.7	42.2	112.2	-20.1	-39.5	-92.6
517	20.7	42.2	112.2	-20.1	-39.5	-92.6
518	20.7	42.1	112.1	-20.1	-39.5	-92.6
519	20.6	42.1	112.1	-20.1	-39.5	-92.6
520	20.6	42.1	112.1	-20.1	-39.5	-92.6
521	20.6	42	112.1	-20.1	-39.4	-92.6
522	20.6	42	112.1	-20.1	-39.4	-92.5
523	20.6	42	112.1	-20.1	-39.4	-92.5
524	20.6	42	112	-20.1	-39.4	-92.5
525	20.6	41.9	112	-20.1	-39.4	-92.5
526	20.6	41.9	112	-20.1	-39.4	-92.5
527	20.6	41.9	112	-20.1	-39.4	-92.5
528	20.6	41.9	111.9	-20.1	-39.4	-92.4
529	20.6	41.8	111.9	-20.1	-39.4	-92.4
530	20.6	41.8	111.9	-20.1	-39.4	-92.4
531	20.6	41.8	111.8	-20.1	-39.4	-92.4
532	20.6	41.8	111.8	-20.1	-39.4	-92.4
533	20.6	41.8	111.8	-20.1	-39.4	-92.4
534	20.6	41.8	111.8	-20.1	-39.4	-92.4
535	20.5	41.7	111.8	-20.1	-39.4	-92.4
536	20.5	41.7	111.7	-20.1	-39.4	-92.3
537	20.5	41.7	111.7	-20.1	-39.4	-92.3
538	20.5	41.7	111.7	-20.1	-39.4	-92.3
539	20.5	41.7	111.7	-20.1	-39.4	-92.3
540	20.5	41.7	111.7	-20.1	-39.4	-92.3
541	20.5	41.7	111.6	-20.1	-39.3	-92.3
542	20.5	41.7	111.6	-20.1	-39.3	-92.3
543	20.5	41.7	111.6	-20	-39.3	-92.2
544	20.5	41.7	111.6	-20	-39.3	-92.2
545	20.5	41.7	111.6	-20	-39.3	-92.2
546	20.5	41.7	111.6	-20	-39.3	-92.2
547	20.5	41.7	111.5	-20	-39.3	-92.2
548	20.5	41.7	111.5	-20	-39.3	-92.1
549	20.5	41.7	111.5	-20	-39.3	-92.1
550	20.5	41.7	111.5	-20	-39.3	-92.1
551	20.5	41.7	111.5	-20	-39.3	-92.1
552	20.4	41.7	111.4	-20	-39.3	-92.1
553	20.4	41.7	111.4	-20	-39.3	-92.1
554	20.4	41.7	111.4	-20	-39.3	-92
555	20.4	41.7	111.4	-20	-39.3	-92
556	20.4	41.6	111.4	-20	-39.3	-92
557	20.4	41.6	111.3	-20	-39.3	-92
558	20.4	41.6	111.3	-20	-39.3	-92
559	20.4	41.6	111.3	-20	-39.3	-92
560	20.4	41.6	111.3	-20	-39.3	-92
561	20.4	41.6	111.3	-20	-39.3	-92
562	20.4	41.6	111.2	-20	-39.2	-92
563	20.4	41.6	111.2	-19.9	-39.2	-91.9
564	20.4	41.6	111.2	-19.9	-39.2	-91.9
565	20.4	41.6	111.2	-19.9	-39.2	-91.9
566	20.4	41.6	111.2	-19.9	-39.2	-91.9
567	20.4	41.6	111.1	-19.9	-39.2	-91.9
568	20.4	41.6	111.1	-19.9	-39.2	-91.9
569	20.4	41.6	111.1	-19.9	-39.2	-91.9
570	20.4	41.6	111.1	-19.9	-39.2	-91.9
571	20.4	41.6	111.1	-19.9	-39.2	-91.8
572	20.4	41.6	111	-19.9	-39.2	-91.8
573	20.4	41.5	111	-19.9	-39.2	-91.8
574	20.4	41.5	111	-19.9	-39.2	-91.8
575	20.4	41.5	111	-19.9	-39.2	-91.8
576	20.4	41.5	110.9	-19.9	-39.2	-91.8
577	20.3	41.5	110.9	-19.9	-39.2	-91.8
578	20.3	41.5	110.9	-19.9	-39.2	-91.8
579	20.3	41.5	110.9	-19.9	-39.2	-91.8
580	20.3	41.4	110.9	-19.9	-39.2	-91.8
581	20.3	41.4	110.8	-19.9	-39.2	-91.8
582	20.3	41.4	110.8	-19.9	-39.2	-91.7
583	20.3	41.4	110.8	-19.9	-39.2	-91.7
584	20.3	41.4	110.8	-19.9	-39.2	-91.7
585	20.3	41.4	110.8	-19.9	-39.2	-91.7
586	20.3	41.4	110.8	-19.9	-39.2	-91.7
587	20.3	41.4	110.7	-19.9	-39.2	-91.7
588	20.3	41.4	110.7	-19.9	-39.2	-91.7
589	20.3	41.4	110.7	-19.9	-39.1	-91.7
590	20.3	41.3	110.7	-19.9	-39.1	-91.6
591	20.3	41.3	110.7	-19.8	-39.1	-91.6
592	20.3	41.3	110.7	-19.8	-39.1	-91.6
593	20.3	41.3	110.7	-19.8	-39.1	-91.6
594	20.3	41.3	110.6	-19.8	-39.1	-91.6
595	20.3	41.3	110.6	-19.8	-39.1	-91.6
596	20.3	41.3	110.6	-19.8	-39.1	-91.6
597	20.3	41.3	110.6	-19.8	-39.1	-91.6
598	20.3	41.3	110.6	-19.8	-39.1	-91.5
599	20.3	41.3	110.5	-19.8	-39.1	-91.5
600	20.2	41.2	110.5	-19.8	-39.1	-91.5
601	20.2	41.2	110.5	-19.8	-39.1	-91.5
602	20.2	41.2	110.5	-19.8	-39.1	-91.5
603	20.2	41.2	110.5	-19.8	-39.1	-91.5
604	20.2	41.2	110.5	-19.8	-39.1	-91.5
605	20.2	41.2	110.5	-19.8	-39	-91.5
606	20.2	41.2	110.4	-19.8	-39	-91.5
607	20.2	41.2	110.4	-19.8	-39	-91.5
608	20.2	41.2	110.4	-19.8	-39	-91.4
609	20.2	41.2	110.4	-19.8	-39	-91.4
610	20.2	41.2	110.4	-19.8	-39	-91.4
611	20.2	41.2	110.4	-19.8	-39	-91.4
612	20.2	41.2	110.4	-19.8	-39	-91.4
613	20.2	41.2	110.3	-19.8	-39	-91.3
614	20.2	41.2	110.3	-19.8	-39	-91.3
615	20.2	41.2	110.3	-19.8	-39	-91.3
616	20.2	41.1	110.3	-19.8	-39	-91.3
617	20.2	41.1	110.3	-19.8	-39	-91.3
618	20.2	41.1	110.3	-19.8	-39	-91.3
619	20.2	41.1	110.2	-19.8	-38.9	-91.3
620	20.2	41.1	110.2	-19.7	-38.9	-91.3
621	20.2	41.1	110.2	-19.7	-38.9	-91.2
622	20.2	41.1	110.2	-19.7	-38.9	-91.2
623	20.2	41.1	110.2	-19.7	-38.9	-91.2
624	20.2	41.1	110.2	-19.7	-38.9	-91.2
625	20.2	41.1	110.1	-19.7	-38.9	-91.2
626	20.2	41.1	110.1	-19.7	-38.9	-91.2
627	20.2	41.1	110.1	-19.7	-38.9	-91.2
628	20.2	41.1	110.1	-19.7	-38.9	-91.2
629	20.2	41.1	110.1	-19.7	-38.9	-91.2
630	20.2	41.1	110.1	-19.7	-38.9	-91.2
631	20.2	41.1	110	-19.7	-38.9	-91.2
632	20.2	41.1	110	-19.7	-38.9	-91.2
633	20.2	41.1	110	-19.7	-38.9	-91.2
634	20.2	41.1	110	-19.7	-38.9	-91.1
635	20.2	41	110	-19.7	-38.9	-91.1
636	20.2	41	110	-19.7	-38.9	-91.1
637	20.2	41	109.9	-19.7	-38.9	-91.1
638	20.2	41	109.9	-19.7	-38.9	-91.1
639	20.1	41	109.9	-19.7	-38.9	-91.1
640	20.1	41	109.9	-19.7	-38.9	-91.1
641	20.1	41	109.9	-19.7	-38.8	-91.1
642	20.1	41	109.9	-19.7	-38.8	-91
643	20.2	41	109.9	-19.7	-38.8	-91
644	20.2	41	109.9	-19.7	-38.8	-91
645	20.2	41	109.8	-19.7	-38.8	-91
646	20.1	41	109.8	-19.7	-38.8	-91
647	20.1	41	109.8	-19.7	-38.8	-91
648	20.1	41	109.8	-19.6	-38.8	-91
649	20.1	41	109.8	-19.6	-38.8	-91
650	20.1	41	109.8	-19.6	-38.8	-90.9
651	20.1	41	109.8	-19.6	-38.8	-90.9
652	20.1	41	109.7	-19.6	-38.7	-90.9
653	20.1	41	109.7	-19.6	-38.7	-90.9
654	20.1	41	109.7	-19.6	-38.7	-90.9
655	20.1	41	109.7	-19.6	-38.7	-90.9
656	20.1	41	109.7	-19.6	-38.7	-90.9
657	20.1	41	109.7	-19.6	-38.7	-90.9
658	20.1	41	109.7	-19.6	-38.7	-90.8
659	20.2	41.1	109.7	-19.6	-38.7	-90.8
660	20.2	41.1	109.7	-19.6	-38.7	-90.8
661	20.2	41.1	109.7	-19.6	-38.7	-90.8
662	20.2	41.1	109.6	-19.6	-38.7	-90.8
663	20.2	41.1	109.6	-19.6	-38.7	-90.8
664	20.2	41.1	109.6	-19.6	-38.6	-90.8
665	20.2	41.1	109.6	-19.6	-38.6	-90.8
666	20.2	41.1	109.6	-19.6	-38.6	-90.8
667	20.2	41.1	109.6	-19.6	-38.6	-90.8
668	20.2	41.1	109.6	-19.6	-38.6	-90.8
669	20.2	41.1	109.5	-19.6	-38.6	-90.7
670	20.2	41.1	109.5	-19.6	-38.6	-90.7
671	20.2	41.1	109.5	-19.6	-38.6	-90.7
672	20.2	41.1	109.5	-19.6	-38.6	-90.7
673	20.2	41.1	109.5	-19.6	-38.6	-90.7
674	20.2	41.1	109.5	-19.6	-38.6	-90.7
675	20.2	41	109.5	-19.6	-38.6	-90.7
676	20.2	41	109.5	-19.6	-38.6	-90.7
677	20.2	41	109.4	-19.6	-38.6	-90.6
678	20.2	40.9	109.4	-19.6	-38.6	-90.6
679	20.2	40.9	109.4	-19.6	-38.6	-90.6
680	20.2	40.9	109.4	-19.6	-38.6	-90.6
681	20.2	40.8	109.4	-19.6	-38.6	-90.6
682	20.2	40.8	109.4	-19.6	-38.6	-90.6
683	20.2	40.8	109.4	-19.6	-38.6	-90.6
684	20.2	40.8	109.3	-19.6	-38.6	-90.6
685	20.2	40.8	109.3	-19.6	-38.6	-90.6
686	20.2	40.7	109.3	-19.6	-38.6	-90.6
687	20.1	40.7	109.3	-19.6	-38.6	-90.6
688	20.1	40.7	109.3	-19.6	-38.5	-90.5
689	20.1	40.8	109.3	-19.6	-38.5	-90.5
690	20.1	40.8	109.3	-19.6	-38.5	-90.5
691	20.1	40.8	109.3	-19.6	-38.5	-90.5
692	20.1	40.8	109.3	-19.6	-38.5	-90.5
693	20.1	40.8	109.2	-19.6	-38.5	-90.5
694	20.1	40.9	109.2	-19.6	-38.5	-90.5
695	20.1	40.9	109.2	-19.6	-38.5	-90.5
696	20.1	40.9	109.2	-19.6	-38.5	-90.5
697	20.1	41	109.2	-19.6	-38.5	-90.5
698	20.1	41	109.2	-19.5	-38.5	-90.5
699	20.1	41	109.2	-19.5	-38.5	-90.4
700	20.1	41	109.2	-19.5	-38.4	-90.4
701	20.1	41.1	109.2	-19.5	-38.4	-90.4
702	20.1	41.1	109.2	-19.5	-38.4	-90.4
703	20.1	41.1	109.1	-19.5	-38.4	-90.4
704	20.1	41.1	109.1	-19.5	-38.4	-90.4
705	20.1	41	109.1	-19.5	-38.4	-90.4
706	20.1	41	109.1	-19.5	-38.4	-90.4
707	20.1	41	109.1	-19.5	-38.4	-90.4
708	20.1	41	109.1	-19.5	-38.4	-90.4
709	20.1	41	109.1	-19.5	-38.4	-90.4
710	20.1	40.9	109.1	-19.5	-38.4	-90.4
711	20.1	40.9	109.1	-19.5	-38.4	-90.4
712	20.1	40.9	109	-19.5	-38.4	-90.4
713	20.1	40.8	109	-19.5	-38.4	-90.3
714	20.1	40.8	109	-19.5	-38.4	-90.3
715	20	40.8	109	-19.5	-38.4	-90.3
716	20	40.8	109	-19.5	-38.4	-90.3
717	20	40.7	109	-19.5	-38.4	-90.3
718	20	40.7	109	-19.5	-38.4	-90.3
719	20	40.7	109	-19.5	-38.4	-90.3
720	20	40.7	108.9	-19.5	-38.4	-90.3
721	20	40.7	108.9	-19.5	-38.4	-90.3
722	20	40.7	108.9	-19.5	-38.4	-90.3
723	20	40.7	108.9	-19.5	-38.4	-90.2
724	20	40.7	108.9	-19.5	-38.4	-90.2
725	20	40.7	108.9	-19.5	-38.4	-90.2
726	20	40.8	108.9	-19.5	-38.4	-90.2
727	20	40.8	108.9	-19.5	-38.4	-90.2
728	20	40.8	108.9	-19.5	-38.4	-90.2
729	20	40.8	108.8	-19.5	-38.4	-90.2
730	20	40.8	108.8	-19.5	-38.4	-90.2
731	20	40.9	108.8	-19.5	-38.4	-90.2
732	20	40.9	108.8	-19.5	-38.4	-90.2
733	20	40.9	108.8	-19.5	-38.4	-90.1
734	20	40.9	108.8	-19.5	-38.4	-90.1
735	20	40.9	108.8	-19.5	-38.4	-90.1
736	20	40.9	108.8	-19.5	-38.4	-90.1
737	20	40.9	108.8	-19.5	-38.4	-90.1
738	20	40.9	108.8	-19.5	-38.4	-90.1
739	20	40.9	108.8	-19.5	-38.4	-90.1
740	20	40.9	108.7	-19.5	-38.4	-90.1
741	19.9	40.9	108.7	-19.5	-38.4	-90.1
742	19.9	40.9	108.7	-19.4	-38.4	-90.1
743	19.9	40.8	108.7	-19.5	-38.4	-90.1
744	19.9	40.8	108.7	-19.5	-38.4	-90.1
745	19.9	40.8	108.7	-19.5	-38.4	-90.1
746	19.9	40.8	108.7	-19.5	-38.5	-90.1
747	19.9	40.7	108.7	-19.4	-38.5	-90.1
748	19.9	40.7	108.7	-19.4	-38.5	-90.1
749	19.9	40.7	108.7	-19.4	-38.4	-90.1
750	19.9	40.7	108.6	-19.4	-38.4	-90
751	19.9	40.7	108.6	-19.4	-38.4	-90
752	19.9	40.6	108.6	-19.4	-38.4	-90
753	19.9	40.6	108.6	-19.4	-38.4	-90
754	19.9	40.6	108.6	-19.4	-38.4	-90
755	19.9	40.6	108.6	-19.4	-38.4	-90
756	19.9	40.7	108.6	-19.4	-38.4	-90
757	19.9	40.7	108.6	-19.4	-38.4	-90
758	19.9	40.7	108.6	-19.4	-38.4	-90
759	19.9	40.7	108.6	-19.4	-38.4	-90
760	19.9	40.7	108.5	-19.4	-38.4	-90
761	19.9	40.7	108.5	-19.4	-38.4	-90
762	19.9	40.8	108.5	-19.4	-38.4	-90
763	19.9	40.8	108.5	-19.4	-38.4	-90
764	19.8	40.8	108.5	-19.4	-38.4	-90
765	19.8	40.8	108.5	-19.4	-38.4	-90
766	19.8	40.8	108.5	-19.4	-38.4	-90
767	19.8	40.8	108.4	-19.4	-38.4	-90
768	19.8	40.8	108.4	-19.4	-38.4	-90
769	19.8	40.8	108.4	-19.4	-38.4	-89.9
770	19.8	40.8	108.4	-19.4	-38.4	-89.9
771	19.8	40.8	108.4	-19.4	-38.4	-89.9
772	19.8	40.8	108.4	-19.4	-38.4	-89.9
773	19.8	40.8	108.4	-19.4	-38.4	-89.9
774	19.8	40.7	108.4	-19.4	-38.4	-89.9
775	19.8	40.7	108.4	-19.4	-38.4	-89.9
776	19.8	40.7	108.3	-19.4	-38.4	-89.9
777	19.8	40.7	108.3	-19.4	-38.4	-89.9
778	19.8	40.6	108.3	-19.4	-38.4	-89.9
779	19.8	40.6	108.3	-19.4	-38.4	-89.8
780	19.8	40.6	108.3	-19.4	-38.4	-89.8
781	19.8	40.6	108.3	-19.4	-38.4	-89.8
782	19.8	40.5	108.3	-19.4	-38.4	-89.8
783	19.8	40.5	108.3	-19.4	-38.4	-89.8
784	19.8	40.5	108.3	-19.4	-38.4	-89.8
785	19.8	40.5	108.2	-19.4	-38.4	-89.8
786	19.8	40.5	108.2	-19.4	-38.4	-89.8
787	19.8	40.5	108.2	-19.3	-38.4	-89.8
788	19.8	40.5	108.2	-19.3	-38.4	-89.8
789	19.8	40.5	108.2	-19.3	-38.4	-89.8
790	19.7	40.5	108.2	-19.3	-38.4	-89.8
791	19.7	40.5	108.2	-19.3	-38.4	-89.8
792	19.7	40.5	108.2	-19.3	-38.4	-89.8
793	19.7	40.5	108.2	-19.3	-38.4	-89.8
794	19.7	40.5	108.1	-19.3	-38.4	-89.8
795	19.7	40.6	108.1	-19.3	-38.4	-89.7
796	19.7	40.6	108.1	-19.3	-38.3	-89.7
797	19.7	40.6	108.1	-19.3	-38.3	-89.7
798	19.8	40.6	108.1	-19.3	-38.3	-89.7
799	19.8	40.6	108.1	-19.3	-38.3	-89.7
800	19.8	40.6	108.1	-19.3	-38.3	-89.7
801	19.7	40.6	108.1	-19.3	-38.3	-89.7
802	19.7	40.6	108.1	-19.3	-38.3	-89.7
803	19.7	40.6	108.1	-19.3	-38.3	-89.7
804	19.7	40.6	108	-19.3	-38.3	-89.7
805	19.7	40.6	108	-19.3	-38.3	-89.7
806	19.7	40.6	108	-19.3	-38.3	-89.7
807	19.7	40.5	108	-19.3	-38.3	-89.7
808	19.7	40.5	108	-19.3	-38.3	-89.7
809	19.7	40.5	108	-19.3	-38.3	-89.7
810	19.7	40.5	108	-19.3	-38.3	-89.7
811	19.7	40.4	108	-19.2	-38.3	-89.7
812	19.7	40.4	108	-19.2	-38.3	-89.7
813	19.7	40.4	107.9	-19.2	-38.3	-89.7
814	19.7	40.4	107.9	-19.2	-38.3	-89.7
815	19.7	40.4	107.9	-19.2	-38.3	-89.7
816	19.7	40.3	107.9	-19.2	-38.3	-89.7
817	19.7	40.3	107.9	-19.2	-38.3	-89.7
818	19.7	40.3	107.9	-19.2	-38.3	-89.7
819	19.7	40.3	107.9	-19.2	-38.3	-89.7
820	19.7	40.3	107.9	-19.2	-38.3	-89.7
821	19.7	40.4	107.9	-19.2	-38.3	-89.6
822	19.7	40.4	107.8	-19.2	-38.3	-89.6
823	19.7	40.4	107.8	-19.2	-38.3	-89.6
824	19.7	40.4	107.8	-19.2	-38.3	-89.6
825	19.7	40.4	107.8	-19.2	-38.3	-89.6
826	19.7	40.4	107.8	-19.3	-38.3	-89.6
827	19.7	40.4	107.8	-19.3	-38.3	-89.6
828	19.7	40.4	107.8	-19.3	-38.3	-89.6
829	19.7	40.4	107.8	-19.3	-38.3	-89.6
830	19.7	40.4	107.7	-19.3	-38.3	-89.6
831	19.7	40.4	107.7	-19.2	-38.3	-89.6
832	19.7	40.3	107.7	-19.2	-38.3	-89.6
833	19.7	40.3	107.7	-19.2	-38.3	-89.6
834	19.7	40.3	107.7	-19.2	-38.3	-89.6
835	19.7	40.3	107.7	-19.2	-38.3	-89.6
836	19.7	40.3	107.7	-19.2	-38.3	-89.6
837	19.7	40.3	107.7	-19.2	-38.3	-89.6
838	19.7	40.3	107.6	-19.2	-38.3	-89.5
839	19.7	40.3	107.6	-19.2	-38.3	-89.5
840	19.7	40.3	107.6	-19.2	-38.3	-89.5
841	19.7	40.3	107.6	-19.2	-38.2	-89.5
842	19.7	40.3	107.6	-19.2	-38.2	-89.5
843	19.7	40.3	107.6	-19.2	-38.2	-89.5
844	19.7	40.3	107.6	-19.2	-38.2	-89.5
845	19.7	40.3	107.6	-19.2	-38.2	-89.5
846	19.7	40.3	107.6	-19.2	-38.2	-89.5
847	19.7	40.3	107.6	-19.2	-38.2	-89.5
848	19.7	40.3	107.6	-19.2	-38.2	-89.4
849	19.7	40.3	107.6	-19.2	-38.2	-89.4
850	19.7	40.3	107.6	-19.2	-38.2	-89.4
851	19.7	40.3	107.6	-19.2	-38.2	-89.4
852	19.7	40.3	107.6	-19.2	-38.2	-89.4
853	19.7	40.3	107.5	-19.2	-38.2	-89.4
854	19.7	40.3	107.5	-19.2	-38.2	-89.4
855	19.7	40.3	107.5	-19.2	-38.2	-89.4
856	19.7	40.3	107.5	-19.2	-38.2	-89.4
857	19.7	40.3	107.5	-19.2	-38.2	-89.3
858	19.7	40.3	107.5	-19.2	-38.2	-89.3
859	19.7	40.3	107.5	-19.2	-38.2	-89.3
860	19.7	40.3	107.5	-19.2	-38.2	-89.3
861	19.7	40.3	107.5	-19.2	-38.2	-89.3
862	19.7	40.3	107.5	-19.2	-38.2	-89.3
863	19.7	40.3	107.5	-19.2	-38.2	-89.3
864	19.7	40.2	107.5	-19.2	-38.2	-89.3
865	19.7	40.2	107.5	-19.2	-38.2	-89.3
866	19.7	40.2	107.4	-19.2	-38.2	-89.3
867	19.7	40.2	107.4	-19.2	-38.2	-89.3
868	19.7	40.2	107.4	-19.2	-38.2	-89.3
869	19.7	40.2	107.4	-19.2	-38.2	-89.3
870	19.7	40.2	107.4	-19.2	-38.2	-89.3
871	19.7	40.2	107.4	-19.2	-38.2	-89.3
872	19.7	40.2	107.4	-19.2	-38.2	-89.3
873	19.7	40.2	107.4	-19.2	-38.2	-89.3
874	19.7	40.2	107.4	-19.2	-38.2	-89.2
875	19.7	40.2	107.4	-19.2	-38.2	-89.2
876	19.7	40.2	107.4	-19.2	-38.2	-89.2
877	19.7	40.2	107.4	-19.2	-38.2	-89.2
878	19.7	40.2	107.4	-19.2	-38.2	-89.2
879	19.7	40.2	107.4	-19.1	-38.1	-89.2
880	19.7	40.2	107.4	-19.1	-38.1	-89.2
881	19.7	40.2	107.4	-19.1	-38.1	-89.2
882	19.7	40.2	107.4	-19.1	-38.1	-89.2
883	19.7	40.2	107.4	-19.1	-38.1	-89.2
884	19.7	40.2	107.4	-19.1	-38.1	-89.2
885	19.8	40.2	107.3	-19.1	-38.1	-89.1
886	19.8	40.2	107.3	-19.1	-38.1	-89.1
887	19.8	40.2	107.3	-19.1	-38.1	-89.1
888	19.8	40.2	107.3	-19.1	-38.1	-89.1
889	19.8	40.2	107.3	-19.1	-38.1	-89.1
890	19.8	40.2	107.3	-19.1	-38.1	-89.1
891	19.8	40.2	107.3	-19.1	-38.1	-89.1
892	19.8	40.2	107.3	-19.1	-38.1	-89.1
893	19.8	40.2	107.3	-19.1	-38.1	-89.1
894	19.8	40.2	107.3	-19.1	-38.1	-89.1
895	19.8	40.2	107.3	-19.1	-38.1	-89.1
896	19.8	40.1	107.3	-19.1	-38.1	-89.1
897	19.8	40.1	107.3	-19.1	-38.1	-89.1
898	19.8	40.1	107.3	-19.1	-38.1	-89.1
899	19.8	40.1	107.2	-19.1	-38.1	-89.1
900	19.8	40.1	107.2	-19.1	-38.1	-89.1
901	19.8	40.1	107.2	-19.1	-38.1	-89.1
902	19.8	40.1	107.2	-19.1	-38.1	-89.1
903	19.8	40.1	107.2	-19.1	-38.1	-89.1
904	19.7	40.1	107.2	-19.1	-38.1	-89.1
905	19.7	40.1	107.2	-19.1	-38.1	-89
906	19.7	40.1	107.2	-19.1	-38.1	-89
907	19.7	40.1	107.2	-19.1	-38.1	-89
908	19.7	40.1	107.2	-19.1	-38.1	-89
909	19.7	40.1	107.2	-19.1	-38.1	-89
910	19.7	40.1	107.2	-19.1	-38.1	-89
911	19.7	40.1	107.2	-19.1	-38.1	-89
912	19.7	40.1	107.2	-19.1	-38.1	-89
913	19.8	40.1	107.1	-19.1	-38.1	-89
914	19.8	40.1	107.1	-19.1	-38.1	-89
915	19.8	40.1	107.1	-19.1	-38.1	-89
916	19.8	40.1	107.1	-19.1	-38.1	-89
917	19.8	40.1	107.1	-19.1	-38.1	-89
918	19.8	40.1	107.1	-19.1	-38.1	-89
919	19.8	40.1	107.1	-19.1	-38.1	-89
920	19.8	40.1	107.1	-19.1	-38.1	-89
921	19.8	40.1	107.1	-19.1	-38.1	-89
922	19.8	40.1	107.1	-19.1	-38.1	-89
923	19.7	40.1	107.1	-19.1	-38.1	-89
924	19.7	40	107.1	-19.1	-38.1	-89
925	19.7	40	107.1	-19.1	-38.1	-89
926	19.7	40	107.1	-19.1	-38.1	-89
927	19.7	40	107.1	-19.1	-38.1	-89
928	19.7	40	107.1	-19.1	-38.1	-89
929	19.7	40	107	-19.1	-38.1	-89
930	19.7	40	107	-19.1	-38.1	-88.9
931	19.7	40	107	-19.1	-38.1	-88.9
932	19.7	40	107	-19	-38.1	-88.9
933	19.7	40	107	-19	-38.1	-88.9
934	19.7	40	107	-19	-38.1	-88.9
935	19.7	40	107	-19	-38.1	-88.9
936	19.7	39.9	106.9	-19.1	-38.1	-88.9
937	19.7	39.9	106.9	-19.1	-38.1	-88.9
938	19.7	39.9	106.9	-19.1	-38.1	-88.9
939	19.7	39.9	106.9	-19.1	-38.1	-88.9
940	19.7	39.9	106.9	-19.1	-38.1	-88.9
941	19.7	39.9	106.9	-19	-38.1	-88.9
942	19.7	39.9	106.9	-19.1	-38.1	-88.9
943	19.7	39.9	106.9	-19.1	-38.1	-88.9
944	19.7	39.9	106.8	-19.1	-38.1	-88.9
945	19.7	39.9	106.8	-19.1	-38.1	-88.9
946	19.7	39.9	106.8	-19.1	-38.1	-88.9
947	19.7	39.9	106.8	-19.1	-38.1	-88.9
948	19.7	39.9	106.8	-19.1	-38.1	-88.9
949	19.7	39.9	106.8	-19.1	-38.1	-88.9
950	19.6	39.9	106.8	-19.1	-38.1	-88.9
951	19.6	39.9	106.8	-19.1	-38	-88.9
952	19.6	39.9	106.8	-19	-38	-88.9
953	19.6	39.9	106.8	-19	-38	-88.8
954	19.6	39.9	106.8	-19	-38	-88.8
955	19.6	39.9	106.8	-19	-38	-88.8
956	19.6	39.9	106.8	-19	-38	-88.8
957	19.6	39.9	106.8	-19	-38	-88.8
958	19.6	39.9	106.8	-19	-38	-88.8
959	19.6	39.9	106.8	-19	-38	-88.8
960	19.6	39.9	106.8	-19	-38	-88.8
961	19.6	39.9	106.8	-19	-38	-88.8
962	19.6	39.9	106.7	-19	-38	-88.8
963	19.6	39.9	106.7	-19	-38	-88.8
964	19.6	39.9	106.7	-19	-38	-88.8
965	19.6	39.9	106.7	-19	-38	-88.8
966	19.6	39.9	106.7	-19	-38	-88.8
967	19.6	39.9	106.7	-19	-38	-88.8
968	19.6	39.9	106.7	-19	-38	-88.8
969	19.6	39.9	106.7	-19	-38	-88.8
970	19.6	39.9	106.7	-19	-38	-88.8
971	19.6	39.9	106.7	-19	-38	-88.8
972	19.6	39.9	106.7	-19	-38	-88.8
973	19.6	39.9	106.7	-19	-38	-88.8
974	19.6	39.9	106.7	-19	-38	-88.8
975	19.6	39.9	106.6	-18.9	-38	-88.8
976	19.6	39.9	106.6	-18.9	-38	-88.8
977	19.6	39.9	106.6	-18.9	-38	-88.8
978	19.6	39.9	106.6	-18.9	-38	-88.8
979	19.6	39.9	106.6	-18.9	-38	-88.8
980	19.6	39.9	106.6	-18.9	-38	-88.8
981	19.5	39.9	106.6	-18.9	-38	-88.8
982	19.5	39.9	106.6	-19	-38	-88.8
983	19.5	39.9	106.6	-19	-38	-88.8
984	19.5	39.9	106.6	-19	-38	-88.8
985	19.5	39.9	106.6	-19	-38	-88.8
986	19.5	39.9	106.5	-19	-38	-88.8
987	19.5	39.8	106.5	-19	-38	-88.8
988	19.5	39.8	106.5	-19	-38	-88.8
989	19.5	39.8	106.5	-19	-38	-88.8
990	19.5	39.8	106.5	-19	-38	-88.8
991	19.5	39.8	106.5	-19	-38	-88.8
992	19.5	39.8	106.5	-19	-38	-88.8
993	19.5	39.8	106.5	-19	-38	-88.8
994	19.5	39.8	106.5	-19	-38	-88.8
995	19.5	39.8	106.5	-19	-38	-88.8
996	19.5	39.8	106.5	-19	-38	-88.8
997	19.5	39.8	106.4	-19	-38	-88.8
998	19.5	39.8	106.4	-19	-38	-88.8
999	19.5	39.8	106.4	-19	-38	-88.8
1000	19.5	39.8	106.4	-19	-38	-88.8