Time	100GtC	200GtC	500GtC	-100GtC	-200GtC	-500GtC
0	0	0	0	0	0	0
1	0.5	0.9	2	-0.5	-1	-2.8
2	2.5	4.8	10.5	-2.8	-5.9	-17.8
3	4.6	8.8	18.7	-5.2	-11	-33.1
4	6.3	11.9	25.4	-7.1	-15	-45.1
5	7.7	14.5	30.9	-8.6	-18.2	-54.8
6	8.9	16.8	35.6	-9.9	-21	-62.8
7	9.9	18.7	39.7	-11.1	-23.3	-69.5
8	10.8	20.4	43.3	-12	-25.4	-75.2
9	11.6	21.9	46.4	-12.9	-27.1	-80.2
10	12.3	23.2	49.2	-13.6	-28.6	-84.5
11	12.9	24.3	51.7	-14.3	-30	-88.3
12	13.4	25.4	53.9	-14.9	-31.2	-91.5
13	13.9	26.3	55.8	-15.4	-32.3	-94.4
14	14.3	27.1	57.5	-15.9	-33.2	-96.9
15	14.7	27.9	59.1	-16.3	-34.1	-99.1
16	15.1	28.6	60.4	-16.7	-34.9	-101.1
17	15.4	29.2	61.6	-17	-35.6	-102.9
18	15.7	29.7	62.7	-17.3	-36.2	-104.4
19	16	30.2	63.7	-17.6	-36.7	-105.8
20	16.2	30.7	64.6	-17.8	-37.2	-107
21	16.4	31.1	65.4	-18	-37.7	-108.1
22	16.6	31.4	66.2	-18.2	-38.1	-109.1
23	16.8	31.8	66.9	-18.4	-38.5	-109.9
24	16.9	32.1	67.5	-18.5	-38.8	-110.7
25	17.1	32.4	68.1	-18.7	-39.1	-111.3
26	17.2	32.7	68.7	-18.8	-39.4	-111.9
27	17.3	32.9	69.2	-18.9	-39.7	-112.4
28	17.4	33.1	69.7	-19	-39.9	-112.9
29	17.5	33.3	70.2	-19.1	-40.1	-113.3
30	17.6	33.5	70.6	-19.2	-40.3	-113.6
31	17.7	33.7	71.1	-19.3	-40.5	-113.9
32	17.8	33.8	71.5	-19.4	-40.7	-114.1
33	17.9	34	71.9	-19.4	-40.8	-114.3
34	17.9	34.1	72.3	-19.5	-40.9	-114.4
35	18	34.2	72.6	-19.5	-41.1	-114.5
36	18	34.3	73	-19.5	-41.1	-114.6
37	18.1	34.4	73.3	-19.6	-41.2	-114.7
38	18.1	34.4	73.7	-19.6	-41.3	-114.7
39	18.2	34.5	73.9	-19.6	-41.3	-114.8
40	18.2	34.6	74.2	-19.6	-41.4	-114.8
41	18.2	34.6	74.5	-19.6	-41.4	-114.8
42	18.3	34.7	74.8	-19.6	-41.4	-114.8
43	18.3	34.8	75	-19.6	-41.5	-114.8
44	18.3	34.8	75.2	-19.6	-41.5	-114.8
45	18.3	34.8	75.4	-19.6	-41.5	-114.9
46	18.3	34.9	75.5	-19.6	-41.5	-114.9
47	18.3	34.9	75.7	-19.6	-41.5	-114.9
48	18.3	34.9	75.9	-19.6	-41.5	-115
49	18.3	35	76.1	-19.6	-41.5	-115
50	18.3	35	76.2	-19.6	-41.5	-115
51	18.3	35	76.4	-19.6	-41.5	-115
52	18.2	35	76.6	-19.6	-41.5	-115
53	18.2	35	76.7	-19.6	-41.5	-114.9
54	18.2	35	76.8	-19.5	-41.5	-114.9
55	18.2	35	76.9	-19.5	-41.5	-114.8
56	18.2	35.1	77.1	-19.5	-41.4	-114.7
57	18.2	35.1	77.2	-19.5	-41.4	-114.7
58	18.2	35.1	77.2	-19.4	-41.3	-114.6
59	18.2	35.1	77.3	-19.4	-41.3	-114.5
60	18.2	35.1	77.4	-19.4	-41.3	-114.4
61	18.2	35.1	77.4	-19.4	-41.2	-114.2
62	18.1	35.2	77.5	-19.3	-41.2	-114.1
63	18.1	35.2	77.5	-19.3	-41.1	-113.9
64	18.1	35.2	77.5	-19.3	-41.1	-113.7
65	18.1	35.2	77.5	-19.2	-41	-113.6
66	18.1	35.2	77.4	-19.2	-41	-113.4
67	18.1	35.2	77.4	-19.2	-40.9	-113.2
68	18.1	35.2	77.4	-19.1	-40.9	-112.9
69	18.1	35.2	77.3	-19.1	-40.8	-112.7
70	18	35.2	77.3	-19.1	-40.7	-112.5
71	18	35.1	77.3	-19.1	-40.7	-112.3
72	18	35.1	77.2	-19	-40.6	-112
73	18	35.1	77.2	-19	-40.5	-111.8
74	17.9	35.1	77.2	-18.9	-40.4	-111.5
75	17.9	35.1	77.1	-18.9	-40.4	-111.3
76	17.9	35	77.1	-18.8	-40.3	-111
77	17.9	35	77	-18.8	-40.2	-110.7
78	17.8	35	77	-18.8	-40.2	-110.4
79	17.8	34.9	76.9	-18.7	-40.1	-110.2
80	17.8	34.9	76.9	-18.7	-40	-109.9
81	17.8	34.9	76.8	-18.6	-39.9	-109.6
82	17.8	34.8	76.8	-18.6	-39.9	-109.3
83	17.7	34.7	76.7	-18.5	-39.8	-109
84	17.7	34.7	76.6	-18.5	-39.7	-108.7
85	17.7	34.7	76.6	-18.4	-39.7	-108.4
86	17.7	34.6	76.5	-18.4	-39.6	-108.2
87	17.6	34.5	76.5	-18.4	-39.5	-107.9
88	17.6	34.5	76.4	-18.3	-39.4	-107.6
89	17.6	34.4	76.3	-18.3	-39.4	-107.3
90	17.5	34.4	76.2	-18.3	-39.3	-107.1
91	17.5	34.3	76.2	-18.2	-39.2	-106.8
92	17.5	34.3	76.1	-18.2	-39.1	-106.5
93	17.4	34.3	76	-18.1	-39.1	-106.3
94	17.4	34.2	75.9	-18.1	-39	-106
95	17.4	34.2	75.9	-18.1	-38.9	-105.7
96	17.4	34.2	75.8	-18	-38.8	-105.5
97	17.3	34.1	75.7	-18	-38.7	-105.2
98	17.3	34.1	75.6	-17.9	-38.6	-104.9
99	17.3	34.1	75.6	-17.9	-38.5	-104.6
100	17.3	34.1	75.5	-17.9	-38.5	-104.4
101	17.2	34	75.4	-17.9	-38.4	-104.1
102	17.2	34	75.3	-17.8	-38.3	-103.9
103	17.2	34	75.2	-17.8	-38.2	-103.7
104	17.2	33.9	75.1	-17.8	-38.1	-103.4
105	17.2	33.9	75	-17.7	-38	-103.2
106	17.1	33.9	74.9	-17.7	-37.9	-102.9
107	17.1	33.9	74.8	-17.6	-37.9	-102.7
108	17.1	33.8	74.7	-17.6	-37.8	-102.4
109	17.1	33.8	74.7	-17.6	-37.7	-102.2
110	17.1	33.7	74.6	-17.6	-37.6	-102
111	17	33.7	74.5	-17.5	-37.5	-101.7
112	17	33.6	74.3	-17.5	-37.4	-101.5
113	17	33.6	74.3	-17.5	-37.4	-101.3
114	17	33.5	74.1	-17.4	-37.3	-101.1
115	16.9	33.5	74	-17.4	-37.2	-100.9
116	16.9	33.4	73.9	-17.4	-37.1	-100.7
117	16.9	33.3	73.9	-17.3	-37.1	-100.5
118	16.9	33.3	73.8	-17.3	-37	-100.2
119	16.8	33.2	73.7	-17.3	-36.9	-100
120	16.8	33.2	73.6	-17.2	-36.8	-99.9
121	16.8	33.1	73.5	-17.2	-36.8	-99.7
122	16.8	33	73.4	-17.2	-36.7	-99.4
123	16.8	33	73.3	-17.1	-36.6	-99.2
124	16.8	33	73.3	-17.1	-36.6	-99
125	16.8	32.9	73.2	-17.1	-36.5	-98.8
126	16.8	32.9	73.1	-17	-36.4	-98.6
127	16.8	32.9	73.1	-17	-36.3	-98.3
128	16.8	32.8	73	-16.9	-36.3	-98.1
129	16.7	32.8	72.9	-16.9	-36.2	-97.9
130	16.7	32.8	72.8	-16.9	-36.1	-97.7
131	16.7	32.7	72.7	-16.9	-36.1	-97.6
132	16.7	32.7	72.6	-16.8	-36	-97.4
133	16.6	32.7	72.5	-16.8	-35.9	-97.2
134	16.6	32.7	72.4	-16.8	-35.8	-97
135	16.6	32.7	72.3	-16.7	-35.8	-96.8
136	16.6	32.6	72.2	-16.7	-35.7	-96.6
137	16.5	32.6	72.1	-16.7	-35.6	-96.4
138	16.5	32.6	72	-16.7	-35.6	-96.3
139	16.5	32.5	71.9	-16.6	-35.5	-96.1
140	16.5	32.5	71.8	-16.6	-35.4	-95.9
141	16.5	32.5	71.8	-16.6	-35.4	-95.7
142	16.4	32.4	71.7	-16.5	-35.3	-95.6
143	16.4	32.4	71.5	-16.5	-35.2	-95.4
144	16.4	32.3	71.5	-16.5	-35.2	-95.2
145	16.4	32.3	71.4	-16.5	-35.1	-95.1
146	16.4	32.2	71.3	-16.4	-35	-94.9
147	16.3	32.2	71.2	-16.4	-35	-94.7
148	16.3	32.2	71.2	-16.4	-34.9	-94.5
149	16.3	32.1	71.1	-16.4	-34.8	-94.4
150	16.3	32.1	71	-16.3	-34.7	-94.2
151	16.3	32.1	70.9	-16.3	-34.7	-94.1
152	16.3	32	70.8	-16.3	-34.6	-93.9
153	16.3	32	70.8	-16.2	-34.5	-93.8
154	16.2	31.9	70.7	-16.2	-34.5	-93.7
155	16.2	31.9	70.6	-16.2	-34.4	-93.5
156	16.2	31.8	70.5	-16.1	-34.4	-93.4
157	16.2	31.8	70.5	-16.1	-34.3	-93.2
158	16.2	31.8	70.4	-16.1	-34.2	-93.1
159	16.2	31.7	70.4	-16.1	-34.2	-92.9
160	16.1	31.7	70.3	-16.1	-34.1	-92.8
161	16.1	31.6	70.2	-16	-34	-92.6
162	16.1	31.6	70.1	-16	-34	-92.5
163	16.1	31.5	70.1	-16	-33.9	-92.3
164	16.1	31.5	70	-16	-33.8	-92.2
165	16.1	31.4	70	-15.9	-33.7	-92
166	16.1	31.4	69.9	-15.9	-33.7	-91.9
167	16.1	31.4	69.9	-15.9	-33.6	-91.8
168	16.1	31.3	69.8	-15.9	-33.5	-91.7
169	16	31.3	69.8	-15.8	-33.5	-91.6
170	16	31.3	69.7	-15.8	-33.4	-91.4
171	16	31.2	69.7	-15.8	-33.4	-91.3
172	16	31.2	69.6	-15.8	-33.3	-91.1
173	16	31.1	69.5	-15.8	-33.2	-91
174	16	31.1	69.5	-15.7	-33.2	-90.9
175	16	31	69.4	-15.7	-33.1	-90.7
176	16	31	69.4	-15.7	-33	-90.6
177	16	31	69.3	-15.7	-33	-90.4
178	16	30.9	69.2	-15.6	-32.9	-90.3
179	15.9	30.9	69.2	-15.6	-32.9	-90.2
180	15.9	30.9	69.1	-15.6	-32.8	-90
181	15.9	30.8	69	-15.6	-32.8	-89.9
182	15.9	30.8	68.9	-15.5	-32.7	-89.8
183	15.9	30.8	68.9	-15.5	-32.7	-89.7
184	15.9	30.7	68.8	-15.5	-32.7	-89.6
185	15.9	30.6	68.7	-15.5	-32.6	-89.5
186	15.8	30.6	68.6	-15.5	-32.6	-89.4
187	15.8	30.6	68.5	-15.5	-32.5	-89.2
188	15.8	30.5	68.4	-15.4	-32.5	-89.1
189	15.8	30.5	68.4	-15.4	-32.4	-89
190	15.8	30.4	68.3	-15.4	-32.4	-88.9
191	15.7	30.4	68.2	-15.4	-32.4	-88.8
192	15.7	30.3	68.1	-15.4	-32.3	-88.7
193	15.6	30.3	68	-15.4	-32.3	-88.6
194	15.6	30.3	67.9	-15.4	-32.3	-88.5
195	15.6	30.2	67.8	-15.4	-32.2	-88.4
196	15.6	30.2	67.7	-15.4	-32.2	-88.3
197	15.5	30.2	67.6	-15.3	-32.2	-88.2
198	15.5	30.1	67.5	-15.3	-32.2	-88.1
199	15.5	30.1	67.4	-15.3	-32.1	-88
200	15.5	30.1	67.3	-15.3	-32.1	-87.9
201	15.4	30	67.3	-15.3	-32.1	-87.7
202	15.4	30	67.2	-15.3	-32	-87.6
203	15.4	30	67.1	-15.3	-32	-87.5
204	15.4	29.9	67	-15.3	-32	-87.4
205	15.3	29.9	66.9	-15.2	-31.9	-87.3
206	15.3	29.9	66.8	-15.2	-31.9	-87.2
207	15.3	29.8	66.8	-15.2	-31.8	-87.1
208	15.2	29.8	66.7	-15.2	-31.8	-87.1
209	15.2	29.7	66.6	-15.2	-31.7	-87
210	15.2	29.7	66.5	-15.2	-31.7	-86.9
211	15.1	29.7	66.4	-15.2	-31.7	-86.8
212	15.1	29.6	66.3	-15.2	-31.6	-86.7
213	15.1	29.6	66.3	-15.2	-31.6	-86.6
214	15.1	29.6	66.2	-15.2	-31.6	-86.5
215	15.1	29.5	66.1	-15.1	-31.5	-86.4
216	15.1	29.5	66	-15.1	-31.5	-86.3
217	15	29.5	65.9	-15.1	-31.5	-86.2
218	15	29.4	65.9	-15.1	-31.5	-86.1
219	15	29.4	65.8	-15.1	-31.4	-86
220	15	29.3	65.7	-15.1	-31.4	-86
221	15	29.3	65.7	-15.1	-31.4	-85.9
222	14.9	29.3	65.6	-15.1	-31.3	-85.8
223	14.9	29.3	65.5	-15	-31.3	-85.7
224	14.9	29.2	65.5	-15	-31.2	-85.6
225	14.9	29.2	65.4	-15	-31.2	-85.5
226	14.9	29.2	65.3	-15	-31.2	-85.4
227	14.9	29.2	65.3	-15	-31.1	-85.3
228	14.8	29.1	65.2	-15	-31.1	-85.2
229	14.8	29.1	65.1	-15	-31.1	-85.1
230	14.8	29.1	65.1	-15	-31.1	-85.1
231	14.8	29	65	-15	-31	-85
232	14.8	29	64.9	-15	-31	-84.9
233	14.7	29	64.9	-15	-31	-84.8
234	14.7	28.9	64.8	-15	-31	-84.8
235	14.7	28.9	64.7	-14.9	-31	-84.7
236	14.7	28.9	64.7	-14.9	-30.9	-84.6
237	14.7	28.8	64.6	-14.9	-30.9	-84.5
238	14.6	28.8	64.5	-14.9	-30.9	-84.5
239	14.6	28.8	64.5	-14.9	-30.9	-84.4
240	14.6	28.8	64.4	-14.9	-30.9	-84.3
241	14.6	28.7	64.3	-14.9	-30.9	-84.2
242	14.5	28.7	64.3	-14.9	-30.8	-84.2
243	14.5	28.7	64.2	-14.9	-30.8	-84.1
244	14.5	28.7	64.1	-14.9	-30.8	-84
245	14.5	28.6	64.1	-14.9	-30.8	-83.9
246	14.5	28.6	64	-14.9	-30.7	-83.8
247	14.4	28.6	64	-14.9	-30.7	-83.8
248	14.4	28.5	63.9	-14.8	-30.7	-83.7
249	14.4	28.5	63.9	-14.8	-30.7	-83.6
250	14.4	28.5	63.8	-14.8	-30.7	-83.5
251	14.4	28.4	63.7	-14.8	-30.6	-83.4
252	14.4	28.4	63.7	-14.8	-30.6	-83.3
253	14.4	28.4	63.6	-14.8	-30.6	-83.2
254	14.4	28.4	63.6	-14.7	-30.5	-83.1
255	14.4	28.4	63.6	-14.7	-30.5	-83
256	14.4	28.4	63.5	-14.7	-30.5	-82.9
257	14.4	28.3	63.5	-14.7	-30.5	-82.9
258	14.4	28.3	63.4	-14.6	-30.4	-82.8
259	14.3	28.3	63.4	-14.6	-30.4	-82.7
260	14.3	28.3	63.3	-14.6	-30.4	-82.6
261	14.3	28.2	63.3	-14.6	-30.3	-82.6
262	14.3	28.2	63.2	-14.6	-30.3	-82.5
263	14.3	28.2	63.2	-14.6	-30.3	-82.4
264	14.3	28.1	63.1	-14.5	-30.2	-82.3
265	14.3	28.1	63.1	-14.5	-30.2	-82.3
266	14.3	28.1	63	-14.5	-30.2	-82.2
267	14.3	28.1	63	-14.5	-30.2	-82.1
268	14.3	28	62.9	-14.5	-30.1	-82
269	14.3	28	62.8	-14.5	-30.1	-82
270	14.2	28	62.8	-14.4	-30.1	-81.9
271	14.2	28	62.7	-14.4	-30.1	-81.9
272	14.2	27.9	62.7	-14.4	-30	-81.8
273	14.2	27.9	62.6	-14.4	-30	-81.7
274	14.2	27.9	62.6	-14.4	-30	-81.7
275	14.2	27.8	62.5	-14.4	-29.9	-81.6
276	14.2	27.8	62.4	-14.4	-29.9	-81.5
277	14.2	27.8	62.4	-14.4	-29.9	-81.5
278	14.1	27.8	62.3	-14.4	-29.9	-81.4
279	14.1	27.7	62.2	-14.4	-29.9	-81.4
280	14.1	27.7	62.2	-14.4	-29.8	-81.3
281	14.1	27.7	62.1	-14.4	-29.8	-81.3
282	14.1	27.7	62	-14.3	-29.8	-81.2
283	14	27.6	62	-14.3	-29.8	-81.1
284	14	27.6	61.9	-14.3	-29.8	-81
285	14	27.6	61.9	-14.3	-29.7	-81
286	14	27.6	61.8	-14.3	-29.7	-80.9
287	14	27.5	61.8	-14.3	-29.7	-80.8
288	14	27.5	61.7	-14.3	-29.7	-80.8
289	14	27.5	61.7	-14.3	-29.6	-80.7
290	14	27.4	61.6	-14.3	-29.6	-80.7
291	14	27.4	61.6	-14.3	-29.6	-80.6
292	14	27.4	61.5	-14.3	-29.6	-80.5
293	14	27.3	61.5	-14.3	-29.6	-80.5
294	14	27.3	61.4	-14.3	-29.5	-80.4
295	14	27.3	61.3	-14.3	-29.5	-80.3
296	14	27.3	61.3	-14.2	-29.5	-80.2
297	14	27.3	61.2	-14.2	-29.5	-80.1
298	14	27.2	61.2	-14.2	-29.4	-80.1
299	14	27.2	61.1	-14.2	-29.4	-80
300	14	27.2	61.1	-14.2	-29.4	-79.9
301	13.9	27.2	61.1	-14.2	-29.4	-79.9
302	13.9	27.2	61	-14.2	-29.4	-79.8
303	13.9	27.1	61	-14.2	-29.3	-79.7
304	13.9	27.1	60.9	-14.1	-29.3	-79.7
305	13.9	27.1	60.9	-14.1	-29.3	-79.6
306	13.9	27.1	60.8	-14.1	-29.3	-79.6
307	13.9	27	60.8	-14.1	-29.2	-79.5
308	13.9	27	60.8	-14.1	-29.2	-79.4
309	13.9	27	60.7	-14.1	-29.2	-79.3
310	13.9	27	60.7	-14.1	-29.2	-79.3
311	13.9	26.9	60.6	-14.1	-29.1	-79.2
312	13.9	26.9	60.5	-14.1	-29.1	-79.2
313	13.9	26.9	60.5	-14.1	-29.1	-79.1
314	13.9	26.9	60.4	-14	-29.1	-79
315	13.9	26.9	60.4	-14	-29.1	-79
316	13.9	26.9	60.3	-14	-29.1	-79
317	13.9	26.9	60.2	-14	-29.1	-78.9
318	13.9	26.9	60.2	-14	-29.1	-78.9
319	13.9	26.8	60.1	-14	-29.1	-78.8
320	13.9	26.8	60	-14	-29	-78.8
321	13.9	26.8	60	-14	-29	-78.7
322	13.8	26.8	59.9	-14	-29	-78.7
323	13.8	26.8	59.9	-14	-29	-78.7
324	13.8	26.7	59.8	-14	-29	-78.6
325	13.8	26.7	59.7	-14	-29	-78.6
326	13.8	26.7	59.7	-14	-28.9	-78.5
327	13.8	26.7	59.6	-14	-28.9	-78.5
328	13.8	26.7	59.6	-14	-28.9	-78.5
329	13.8	26.7	59.5	-14	-28.9	-78.4
330	13.8	26.7	59.4	-14	-28.9	-78.4
331	13.8	26.7	59.4	-14	-28.9	-78.3
332	13.8	26.7	59.3	-14	-28.9	-78.3
333	13.8	26.7	59.3	-14	-28.9	-78.2
334	13.8	26.7	59.3	-14	-28.8	-78.2
335	13.8	26.6	59.2	-14	-28.8	-78.1
336	13.8	26.6	59.2	-13.9	-28.8	-78
337	13.8	26.6	59.1	-13.9	-28.8	-78
338	13.8	26.6	59.1	-13.9	-28.7	-77.9
339	13.8	26.6	59.1	-13.9	-28.7	-77.9
340	13.8	26.6	59	-13.9	-28.7	-77.8
341	13.8	26.6	59	-13.8	-28.6	-77.8
342	13.7	26.6	59	-13.8	-28.6	-77.7
343	13.7	26.6	59	-13.8	-28.6	-77.7
344	13.7	26.6	59	-13.8	-28.6	-77.6
345	13.7	26.6	59	-13.8	-28.6	-77.5
346	13.7	26.6	58.9	-13.8	-28.6	-77.5
347	13.7	26.6	58.9	-13.7	-28.6	-77.4
348	13.7	26.6	58.9	-13.7	-28.5	-77.4
349	13.7	26.6	58.9	-13.7	-28.5	-77.3
350	13.7	26.6	58.9	-13.7	-28.5	-77.3
351	13.7	26.6	58.9	-13.7	-28.5	-77.2
352	13.7	26.6	58.9	-13.7	-28.4	-77.1
353	13.7	26.6	58.9	-13.6	-28.4	-77.1
354	13.7	26.6	58.9	-13.6	-28.4	-77
355	13.8	26.6	58.9	-13.6	-28.4	-77
356	13.8	26.6	58.9	-13.6	-28.4	-76.9
357	13.8	26.6	58.9	-13.6	-28.3	-76.8
358	13.8	26.5	58.9	-13.6	-28.3	-76.8
359	13.8	26.5	58.8	-13.6	-28.3	-76.7
360	13.8	26.5	58.8	-13.5	-28.3	-76.7
361	13.8	26.5	58.8	-13.5	-28.3	-76.6
362	13.8	26.5	58.8	-13.5	-28.3	-76.6
363	13.8	26.5	58.8	-13.5	-28.2	-76.5
364	13.8	26.5	58.7	-13.5	-28.2	-76.5
365	13.8	26.5	58.7	-13.5	-28.2	-76.4
366	13.8	26.5	58.7	-13.5	-28.2	-76.4
367	13.8	26.5	58.7	-13.5	-28.2	-76.3
368	13.8	26.5	58.7	-13.5	-28.2	-76.3
369	13.8	26.5	58.7	-13.5	-28.2	-76.2
370	13.7	26.5	58.6	-13.5	-28.1	-76.2
371	13.7	26.5	58.6	-13.6	-28.1	-76.2
372	13.7	26.5	58.6	-13.6	-28.1	-76.1
373	13.7	26.5	58.6	-13.6	-28.2	-76.1
374	13.7	26.5	58.6	-13.6	-28.1	-76
375	13.7	26.5	58.6	-13.6	-28.1	-76
376	13.7	26.5	58.5	-13.6	-28.1	-75.9
377	13.7	26.4	58.5	-13.6	-28.1	-75.9
378	13.7	26.4	58.5	-13.5	-28.1	-75.8
379	13.7	26.4	58.5	-13.5	-28	-75.7
380	13.7	26.4	58.5	-13.5	-28	-75.7
381	13.7	26.4	58.5	-13.5	-28	-75.6
382	13.7	26.4	58.5	-13.5	-27.9	-75.6
383	13.7	26.4	58.5	-13.5	-27.9	-75.5
384	13.7	26.4	58.5	-13.4	-27.9	-75.5
385	13.7	26.4	58.5	-13.4	-27.9	-75.4
386	13.7	26.4	58.5	-13.4	-27.8	-75.4
387	13.7	26.5	58.5	-13.4	-27.8	-75.3
388	13.7	26.5	58.5	-13.4	-27.8	-75.3
389	13.7	26.5	58.4	-13.4	-27.8	-75.2
390	13.7	26.5	58.4	-13.4	-27.7	-75.2
391	13.7	26.5	58.4	-13.4	-27.7	-75.1
392	13.7	26.5	58.4	-13.4	-27.7	-75.1
393	13.7	26.5	58.4	-13.4	-27.6	-75
394	13.7	26.5	58.4	-13.3	-27.6	-75
395	13.7	26.5	58.4	-13.3	-27.6	-75
396	13.7	26.5	58.4	-13.3	-27.6	-74.9
397	13.7	26.5	58.4	-13.3	-27.6	-74.9
398	13.7	26.4	58.4	-13.3	-27.5	-74.8
399	13.7	26.4	58.3	-13.3	-27.5	-74.8
400	13.7	26.4	58.3	-13.3	-27.5	-74.8
401	13.7	26.4	58.3	-13.3	-27.5	-74.7
402	13.7	26.4	58.3	-13.3	-27.5	-74.7
403	13.6	26.4	58.3	-13.3	-27.5	-74.7
404	13.6	26.4	58.3	-13.3	-27.5	-74.6
405	13.6	26.4	58.3	-13.3	-27.4	-74.6
406	13.6	26.4	58.3	-13.3	-27.4	-74.5
407	13.6	26.3	58.3	-13.3	-27.4	-74.5
408	13.6	26.3	58.3	-13.3	-27.4	-74.5
409	13.6	26.3	58.3	-13.3	-27.4	-74.5
410	13.5	26.3	58.3	-13.3	-27.3	-74.4
411	13.5	26.3	58.3	-13.3	-27.3	-74.4
412	13.5	26.3	58.3	-13.3	-27.3	-74.4
413	13.5	26.3	58.3	-13.3	-27.3	-74.4
414	13.5	26.3	58.3	-13.3	-27.3	-74.3
415	13.5	26.3	58.3	-13.3	-27.3	-74.3
416	13.4	26.3	58.2	-13.3	-27.3	-74.3
417	13.4	26.2	58.2	-13.3	-27.3	-74.2
418	13.4	26.2	58.2	-13.3	-27.3	-74.2
419	13.3	26.2	58.2	-13.3	-27.3	-74.2
420	13.3	26.1	58.2	-13.3	-27.3	-74.2
421	13.3	26.1	58.2	-13.3	-27.3	-74.1
422	13.3	26.1	58.2	-13.3	-27.3	-74.1
423	13.2	26.1	58.2	-13.3	-27.2	-74.1
424	13.2	26.1	58.1	-13.3	-27.2	-74
425	13.2	26	58.1	-13.3	-27.2	-74
426	13.2	26	58.1	-13.3	-27.2	-73.9
427	13.2	26	58.1	-13.3	-27.2	-73.9
428	13.2	26	58.1	-13.3	-27.2	-73.9
429	13.2	26	58.1	-13.3	-27.2	-73.8
430	13.2	26	58.1	-13.3	-27.2	-73.8
431	13.2	26	58.1	-13.3	-27.1	-73.8
432	13.1	26	58.1	-13.3	-27.1	-73.7
433	13.1	26	58	-13.3	-27.1	-73.7
434	13.2	26	58	-13.3	-27.1	-73.6
435	13.2	26	58	-13.3	-27.1	-73.6
436	13.2	26	58	-13.2	-27.1	-73.6
437	13.2	26	58	-13.2	-27.1	-73.5
438	13.1	26	58	-13.2	-27.1	-73.5
439	13.1	26	58	-13.2	-27.1	-73.5
440	13.1	26	58	-13.2	-27	-73.4
441	13.1	26	58	-13.2	-27	-73.4
442	13.1	26	58	-13.2	-27	-73.4
443	13.1	26	57.9	-13.2	-27	-73.3
444	13.1	25.9	57.9	-13.2	-27	-73.3
445	13.1	25.9	57.9	-13.2	-27	-73.3
446	13.1	25.9	57.9	-13.2	-26.9	-73.3
447	13.1	25.9	57.9	-13.2	-26.9	-73.2
448	13.1	25.9	57.8	-13.2	-26.9	-73.2
449	13.1	25.9	57.8	-13.2	-26.9	-73.2
450	13.1	25.9	57.8	-13.2	-26.9	-73.2
451	13.1	25.9	57.8	-13.1	-26.9	-73.2
452	13.1	25.9	57.8	-13.1	-26.9	-73.1
453	13.1	25.9	57.8	-13.1	-26.9	-73.1
454	13	25.9	57.8	-13.1	-26.9	-73.1
455	13	25.8	57.7	-13.1	-26.9	-73.1
456	13	25.8	57.7	-13.1	-26.9	-73.1
457	13	25.8	57.7	-13.1	-26.9	-73.1
458	13	25.8	57.7	-13.1	-26.8	-73
459	13	25.8	57.7	-13.1	-26.9	-73
460	12.9	25.8	57.7	-13.1	-26.8	-73
461	12.9	25.7	57.6	-13.1	-26.9	-72.9
462	12.9	25.7	57.6	-13.1	-26.9	-72.9
463	12.9	25.7	57.6	-13.1	-26.8	-72.8
464	12.9	25.7	57.6	-13.1	-26.8	-72.8
465	12.9	25.7	57.6	-13.1	-26.8	-72.8
466	12.9	25.7	57.6	-13.1	-26.8	-72.8
467	12.8	25.6	57.6	-13.1	-26.8	-72.8
468	12.8	25.7	57.5	-13	-26.8	-72.7
469	12.8	25.7	57.5	-13	-26.8	-72.7
470	12.8	25.7	57.5	-13	-26.8	-72.7
471	12.8	25.7	57.5	-13	-26.7	-72.6
472	12.8	25.7	57.5	-13	-26.7	-72.6
473	12.8	25.6	57.5	-13	-26.7	-72.5
474	12.8	25.6	57.4	-12.9	-26.7	-72.5
475	12.8	25.6	57.4	-12.9	-26.7	-72.5
476	12.8	25.6	57.4	-12.9	-26.7	-72.5
477	12.8	25.6	57.4	-12.9	-26.7	-72.4
478	12.8	25.6	57.4	-12.9	-26.6	-72.4
479	12.8	25.6	57.4	-12.9	-26.6	-72.4
480	12.8	25.6	57.3	-12.9	-26.6	-72.3
481	12.8	25.6	57.3	-12.9	-26.6	-72.3
482	12.8	25.5	57.3	-12.9	-26.6	-72.3
483	12.8	25.5	57.3	-12.9	-26.6	-72.2
484	12.8	25.5	57.3	-12.8	-26.6	-72.2
485	12.8	25.5	57.2	-12.8	-26.6	-72.1
486	12.8	25.5	57.2	-12.8	-26.6	-72.1
487	12.8	25.5	57.2	-12.8	-26.6	-72
488	12.8	25.5	57.2	-12.8	-26.6	-72
489	12.8	25.5	57.2	-12.8	-26.6	-72
490	12.8	25.4	57.2	-12.8	-26.5	-72
491	12.8	25.4	57.1	-12.8	-26.5	-72
492	12.8	25.4	57.1	-12.8	-26.5	-71.9
493	12.8	25.4	57.1	-12.8	-26.5	-71.9
494	12.8	25.4	57.1	-12.8	-26.5	-71.9
495	12.7	25.3	57	-12.8	-26.5	-71.9
496	12.7	25.3	57	-12.8	-26.5	-71.8
497	12.7	25.3	57	-12.8	-26.5	-71.8
498	12.7	25.3	57	-12.8	-26.5	-71.8
499	12.7	25.2	57	-12.8	-26.5	-71.7
500	12.7	25.2	56.9	-12.8	-26.5	-71.7
501	12.7	25.2	56.9	-12.8	-26.5	-71.7
502	12.7	25.1	56.9	-12.8	-26.5	-71.7
503	12.7	25.1	56.9	-12.8	-26.5	-71.6
504	12.7	25	56.9	-12.8	-26.5	-71.6
505	12.7	25	56.9	-12.8	-26.4	-71.5
506	12.7	24.9	56.9	-12.8	-26.4	-71.5
507	12.6	24.9	56.8	-12.8	-26.4	-71.5
508	12.6	24.8	56.8	-12.8	-26.4	-71.5
509	12.6	24.7	56.8	-12.8	-26.4	-71.5
510	12.6	24.7	56.8	-12.8	-26.4	-71.4
511	12.7	24.7	56.7	-12.8	-26.4	-71.4
512	12.7	24.7	56.7	-12.8	-26.4	-71.4
513	12.7	24.6	56.7	-12.8	-26.4	-71.4
514	12.7	24.6	56.7	-12.8	-26.4	-71.4
515	12.7	24.6	56.7	-12.8	-26.4	-71.3
516	12.7	24.6	56.7	-12.8	-26.3	-71.3
517	12.7	24.7	56.7	-12.8	-26.3	-71.3
518	12.7	24.7	56.7	-12.7	-26.3	-71.2
519	12.7	24.7	56.7	-12.7	-26.3	-71.2
520	12.7	24.7	56.6	-12.7	-26.3	-71.2
521	12.7	24.8	56.6	-12.7	-26.2	-71.2
522	12.7	24.8	56.6	-12.7	-26.2	-71.2
523	12.7	24.8	56.6	-12.7	-26.2	-71.1
524	12.7	24.9	56.6	-12.7	-26.2	-71.1
525	12.7	24.9	56.6	-12.7	-26.2	-71.1
526	12.7	24.9	56.6	-12.7	-26.2	-71.1
527	12.7	25	56.6	-12.7	-26.2	-71
528	12.7	25	56.5	-12.6	-26.1	-71
529	12.7	25	56.5	-12.6	-26.1	-71
530	12.7	25	56.5	-12.6	-26.1	-71
531	12.7	25.1	56.6	-12.6	-26.1	-70.9
532	12.7	25.1	56.5	-12.6	-26.1	-70.9
533	12.7	25.1	56.5	-12.6	-26.1	-70.9
534	12.7	25.1	56.5	-12.6	-26.1	-70.9
535	12.7	25.1	56.5	-12.6	-26.1	-70.8
536	12.7	25.1	56.5	-12.6	-26	-70.8
537	12.7	25.1	56.5	-12.6	-26	-70.8
538	12.7	25.1	56.5	-12.6	-26	-70.8
539	12.7	25	56.5	-12.5	-26	-70.7
540	12.7	25	56.5	-12.5	-26	-70.7
541	12.7	25	56.4	-12.5	-26	-70.7
542	12.7	25	56.4	-12.5	-26	-70.7
543	12.7	25	56.4	-12.5	-25.9	-70.6
544	12.7	24.9	56.4	-12.5	-25.9	-70.6
545	12.7	24.9	56.4	-12.5	-25.9	-70.6
546	12.7	24.9	56.3	-12.5	-25.9	-70.6
547	12.7	24.9	56.3	-12.6	-25.9	-70.6
548	12.7	24.9	56.3	-12.6	-25.9	-70.6
549	12.7	24.9	56.3	-12.6	-25.9	-70.5
550	12.7	24.9	56.3	-12.5	-25.9	-70.5
551	12.7	24.8	56.3	-12.5	-25.9	-70.5
552	12.8	24.8	56.3	-12.5	-25.8	-70.5
553	12.8	24.8	56.3	-12.5	-25.8	-70.5
554	12.8	24.8	56.3	-12.5	-25.8	-70.4
555	12.8	24.8	56.2	-12.5	-25.8	-70.4
556	12.8	24.8	56.2	-12.5	-25.7	-70.4
557	12.8	24.8	56.2	-12.5	-25.7	-70.3
558	12.7	24.8	56.2	-12.5	-25.7	-70.3
559	12.7	24.8	56.2	-12.5	-25.7	-70.3
560	12.7	24.7	56.2	-12.5	-25.7	-70.3
561	12.7	24.7	56.2	-12.5	-25.7	-70.2
562	12.7	24.7	56.2	-12.5	-25.7	-70.2
563	12.7	24.7	56.2	-12.5	-25.7	-70.2
564	12.7	24.7	56.1	-12.5	-25.7	-70.2
565	12.7	24.7	56.1	-12.5	-25.6	-70.2
566	12.7	24.7	56.1	-12.5	-25.6	-70.2
567	12.7	24.7	56.1	-12.5	-25.6	-70.1
568	12.7	24.6	56.1	-12.5	-25.6	-70.1
569	12.7	24.6	56.1	-12.5	-25.6	-70.1
570	12.7	24.7	56.1	-12.5	-25.6	-70
571	12.7	24.7	56.1	-12.5	-25.5	-70
572	12.7	24.7	56.1	-12.5	-25.5	-70
573	12.7	24.7	56.1	-12.4	-25.5	-69.9
574	12.7	24.7	56.1	-12.4	-25.4	-69.9
575	12.7	24.7	56.1	-12.4	-25.4	-69.8
576	12.7	24.7	56.1	-12.4	-25.4	-69.8
577	12.7	24.7	56.1	-12.4	-25.4	-69.8
578	12.7	24.7	56.1	-12.4	-25.3	-69.8
579	12.7	24.7	56.1	-12.4	-25.3	-69.8
580	12.7	24.7	56.1	-12.4	-25.3	-69.7
581	12.7	24.7	56.1	-12.4	-25.3	-69.7
582	12.7	24.7	56.1	-12.4	-25.3	-69.7
583	12.7	24.8	56.1	-12.4	-25.3	-69.7
584	12.7	24.8	56.1	-12.4	-25.3	-69.6
585	12.7	24.8	56.1	-12.4	-25.3	-69.6
586	12.7	24.8	56.1	-12.4	-25.3	-69.6
587	12.7	24.8	56	-12.4	-25.3	-69.6
588	12.7	24.8	56	-12.4	-25.2	-69.6
589	12.7	24.8	56	-12.4	-25.2	-69.6
590	12.7	24.8	56	-12.4	-25.2	-69.5
591	12.7	24.8	56	-12.4	-25.2	-69.5
592	12.7	24.8	56	-12.4	-25.2	-69.5
593	12.7	24.8	56	-12.4	-25.2	-69.5
594	12.7	24.8	55.9	-12.4	-25.2	-69.5
595	12.7	24.8	55.9	-12.4	-25.2	-69.5
596	12.7	24.8	55.9	-12.4	-25.2	-69.4
597	12.7	24.8	55.9	-12.4	-25.2	-69.4
598	12.7	24.8	55.9	-12.4	-25.2	-69.4
599	12.7	24.8	55.9	-12.4	-25.2	-69.4
600	12.7	24.8	55.9	-12.3	-25.2	-69.3
601	12.7	24.8	55.9	-12.3	-25.2	-69.3
602	12.7	24.8	55.9	-12.4	-25.1	-69.3
603	12.7	24.8	55.9	-12.4	-25.1	-69.3
604	12.7	24.8	55.8	-12.4	-25.1	-69.3
605	12.7	24.8	55.8	-12.4	-25.1	-69.2
606	12.7	24.8	55.8	-12.4	-25.1	-69.2
607	12.7	24.8	55.8	-12.4	-25.1	-69.2
608	12.7	24.8	55.8	-12.4	-25.1	-69.2
609	12.7	24.8	55.8	-12.4	-25.1	-69.2
610	12.7	24.8	55.8	-12.4	-25.1	-69.2
611	12.7	24.7	55.7	-12.4	-25.1	-69.2
612	12.7	24.7	55.7	-12.4	-25.1	-69.2
613	12.7	24.7	55.7	-12.3	-25.1	-69.2
614	12.7	24.7	55.7	-12.3	-25	-69.2
615	12.6	24.7	55.7	-12.3	-25	-69.1
616	12.6	24.7	55.7	-12.3	-25	-69.1
617	12.6	24.7	55.7	-12.3	-25	-69.1
618	12.6	24.7	55.7	-12.3	-25	-69.1
619	12.6	24.7	55.7	-12.3	-25	-69.1
620	12.6	24.7	55.7	-12.3	-25	-69.1
621	12.6	24.7	55.7	-12.3	-25.1	-69.1
622	12.6	24.6	55.6	-12.3	-25	-69
623	12.6	24.6	55.6	-12.3	-25	-69
624	12.6	24.6	55.6	-12.3	-25	-69
625	12.6	24.6	55.6	-12.3	-25	-69
626	12.6	24.6	55.6	-12.3	-25	-68.9
627	12.6	24.6	55.6	-12.3	-25	-68.9
628	12.6	24.6	55.6	-12.3	-25	-68.9
629	12.5	24.6	55.6	-12.3	-25	-68.9
630	12.5	24.6	55.6	-12.3	-25	-68.9
631	12.5	24.6	55.6	-12.3	-25	-68.8
632	12.5	24.6	55.6	-12.3	-25	-68.8
633	12.5	24.6	55.6	-12.3	-25	-68.8
634	12.5	24.5	55.5	-12.3	-24.9	-68.8
635	12.5	24.5	55.5	-12.3	-24.9	-68.8
636	12.6	24.5	55.5	-12.3	-24.9	-68.8
637	12.6	24.5	55.5	-12.3	-24.9	-68.8
638	12.6	24.5	55.5	-12.3	-24.9	-68.7
639	12.6	24.6	55.5	-12.3	-24.9	-68.7
640	12.6	24.5	55.5	-12.3	-24.9	-68.7
641	12.6	24.5	55.5	-12.3	-24.9	-68.7
642	12.5	24.5	55.4	-12.3	-24.9	-68.7
643	12.5	24.5	55.4	-12.3	-24.9	-68.7
644	12.5	24.5	55.4	-12.3	-24.9	-68.7
645	12.5	24.5	55.4	-12.3	-24.9	-68.7
646	12.5	24.5	55.4	-12.3	-24.9	-68.7
647	12.5	24.5	55.4	-12.3	-24.9	-68.6
648	12.5	24.4	55.4	-12.3	-24.9	-68.6
649	12.5	24.4	55.4	-12.3	-24.9	-68.6
650	12.5	24.4	55.3	-12.3	-24.9	-68.6
651	12.5	24.4	55.3	-12.3	-24.9	-68.6
652	12.5	24.4	55.3	-12.3	-24.9	-68.6
653	12.4	24.3	55.3	-12.3	-24.9	-68.6
654	12.4	24.3	55.3	-12.3	-24.9	-68.6
655	12.4	24.3	55.3	-12.2	-24.9	-68.6
656	12.4	24.2	55.3	-12.2	-24.9	-68.6
657	12.4	24.2	55.2	-12.2	-24.9	-68.6
658	12.4	24.2	55.2	-12.2	-24.9	-68.6
659	12.4	24.1	55.2	-12.2	-24.9	-68.6
660	12.4	24	55.2	-12.2	-24.9	-68.5
661	12.3	24	55.2	-12.2	-24.9	-68.5
662	12.3	23.9	55.2	-12.2	-24.9	-68.5
663	12.3	23.9	55.1	-12.2	-24.9	-68.5
664	12.3	23.9	55.1	-12.2	-25	-68.5
665	12.3	23.8	55.1	-12.2	-25	-68.5
666	12.3	23.8	55.1	-12.2	-25	-68.4
667	12.3	23.8	55.1	-12.2	-25	-68.4
668	12.3	23.8	55.1	-12.2	-24.9	-68.4
669	12.3	23.8	55.1	-12.2	-24.9	-68.4
670	12.2	23.8	55	-12.2	-24.9	-68.4
671	12.2	23.8	55	-12.2	-24.9	-68.4
672	12.2	23.8	55	-12.2	-24.9	-68.4
673	12.2	23.8	55	-12.2	-24.9	-68.4
674	12.2	23.9	55	-12.1	-24.9	-68.4
675	12.2	23.9	55	-12.1	-24.9	-68.4
676	12.2	23.9	55	-12.1	-24.9	-68.4
677	12.2	24	55	-12.1	-24.9	-68.3
678	12.2	24	55	-12.1	-24.9	-68.3
679	12.1	24.1	54.9	-12.1	-24.9	-68.3
680	12.1	24.1	54.9	-12.1	-24.9	-68.3
681	12.1	24.2	54.9	-12.1	-24.9	-68.3
682	12.1	24.2	54.9	-12.1	-24.9	-68.3
683	12.1	24.2	54.9	-12.1	-24.9	-68.3
684	12.1	24.3	54.9	-12.1	-24.9	-68.3
685	12.1	24.3	54.9	-12.1	-24.8	-68.3
686	12.1	24.3	54.9	-12.1	-24.8	-68.2
687	12.1	24.3	54.9	-12.1	-24.8	-68.2
688	12.1	24.3	54.9	-12.1	-24.8	-68.2
689	12.1	24.3	54.9	-12.1	-24.8	-68.2
690	12.1	24.2	54.8	-12.1	-24.8	-68.2
691	12.1	24.2	54.8	-12.1	-24.8	-68.2
692	12.1	24.1	54.8	-12	-24.8	-68.2
693	12.2	24.1	54.8	-12	-24.8	-68.1
694	12.2	24	54.8	-12	-24.8	-68.1
695	12.2	23.9	54.8	-12	-24.8	-68.1
696	12.2	23.8	54.8	-12	-24.8	-68.1
697	12.2	23.7	54.8	-12	-24.8	-68.1
698	12.2	23.7	54.8	-12	-24.8	-68
699	12.2	23.6	54.7	-12	-24.8	-68.1
700	12.2	23.5	54.7	-12	-24.8	-68.1
701	12.1	23.5	54.7	-12.1	-24.8	-68.1
702	12.1	23.5	54.7	-12	-24.8	-68
703	12.1	23.4	54.7	-12	-24.8	-68
704	12.1	23.4	54.6	-12	-24.8	-68
705	12.1	23.4	54.6	-12	-24.8	-68
706	12.1	23.5	54.6	-12	-24.8	-68
707	12.1	23.5	54.6	-12	-24.8	-67.9
708	12.1	23.5	54.6	-12	-24.8	-67.9
709	12.1	23.6	54.6	-12	-24.8	-67.9
710	12.1	23.6	54.6	-12	-24.8	-67.9
711	12.1	23.7	54.6	-12	-24.7	-67.9
712	12.1	23.7	54.6	-12	-24.7	-67.9
713	12.1	23.7	54.6	-12	-24.7	-67.9
714	12.1	23.8	54.6	-12	-24.7	-67.8
715	12.1	23.8	54.5	-12	-24.7	-67.8
716	12.1	23.8	54.5	-12	-24.7	-67.8
717	12.1	23.9	54.5	-12	-24.7	-67.8
718	12.1	23.9	54.5	-12	-24.6	-67.8
719	12.2	23.9	54.5	-12	-24.6	-67.8
720	12.2	23.9	54.5	-12	-24.6	-67.8
721	12.2	23.9	54.5	-12	-24.6	-67.8
722	12.2	23.9	54.5	-12	-24.6	-67.8
723	12.2	23.9	54.5	-12	-24.6	-67.8
724	12.2	23.8	54.5	-12	-24.6	-67.8
725	12.2	23.8	54.4	-12	-24.6	-67.8
726	12.2	23.7	54.4	-12	-24.6	-67.8
727	12.2	23.7	54.4	-11.9	-24.5	-67.7
728	12.2	23.6	54.4	-11.9	-24.5	-67.7
729	12.2	23.6	54.4	-11.9	-24.5	-67.7
730	12.2	23.5	54.4	-11.9	-24.4	-67.7
731	12.2	23.4	54.4	-11.9	-24.4	-67.7
732	12.2	23.4	54.4	-11.9	-24.4	-67.7
733	12.2	23.3	54.4	-11.9	-24.4	-67.7
734	12.2	23.3	54.3	-11.9	-24.4	-67.7
735	12.2	23.3	54.3	-11.9	-24.4	-67.7
736	12.2	23.2	54.3	-11.9	-24.4	-67.7
737	12.2	23.2	54.3	-11.9	-24.4	-67.7
738	12.2	23.2	54.3	-11.9	-24.3	-67.7
739	12.2	23.2	54.3	-11.9	-24.3	-67.7
740	12.2	23.2	54.2	-11.9	-24.3	-67.6
741	12.2	23.3	54.2	-11.9	-24.3	-67.6
742	12.2	23.3	54.2	-11.9	-24.3	-67.6
743	12.2	23.3	54.2	-11.9	-24.2	-67.6
744	12.2	23.3	54.2	-11.9	-24.2	-67.5
745	12.2	23.4	54.2	-11.8	-24.2	-67.5
746	12.2	23.4	54.2	-11.8	-24.2	-67.5
747	12.2	23.5	54.2	-11.8	-24.2	-67.5
748	12.2	23.5	54.1	-11.9	-24.2	-67.5
749	12.2	23.5	54.1	-11.9	-24.2	-67.5
750	12.2	23.5	54.1	-11.9	-24.2	-67.5
751	12.2	23.5	54.1	-11.9	-24.2	-67.4
752	12.2	23.6	54.1	-11.9	-24.1	-67.4
753	12.2	23.6	54.1	-11.9	-24.1	-67.4
754	12.2	23.6	54.1	-11.9	-24.1	-67.4
755	12.3	23.5	54.1	-11.9	-24.1	-67.4
756	12.3	23.5	54.1	-11.9	-24.1	-67.4
757	12.3	23.5	54	-11.9	-24.1	-67.4
758	12.3	23.4	54	-11.9	-24.1	-67.3
759	12.3	23.4	54	-11.9	-24.1	-67.3
760	12.3	23.3	54	-11.9	-24.1	-67.3
761	12.3	23.3	54	-11.9	-24.1	-67.3
762	12.3	23.2	54	-11.9	-24.1	-67.3
763	12.3	23.2	54	-11.9	-24.1	-67.2
764	12.3	23.2	54	-11.9	-24	-67.2
765	12.3	23.1	54	-11.8	-24	-67.2
766	12.3	23.1	54	-11.8	-24	-67.2
767	12.3	23.1	54	-11.8	-24	-67.2
768	12.3	23.1	54	-11.8	-24	-67.2
769	12.3	23.1	54	-11.8	-24	-67.2
770	12.3	23.1	54	-11.8	-24	-67.2
771	12.3	23.1	54	-11.8	-24	-67.1
772	12.3	23.1	54	-11.8	-24	-67.1
773	12.3	23.1	54	-11.8	-24	-67.2
774	12.3	23.1	54	-11.8	-24	-67.2
775	12.3	23.1	54	-11.8	-24	-67.1
776	12.3	23.2	54	-11.8	-24	-67.1
777	12.3	23.2	54	-11.8	-24	-67.1
778	12.4	23.3	53.9	-11.8	-23.9	-67.1
779	12.4	23.3	53.9	-11.8	-23.9	-67.1
780	12.4	23.3	53.9	-11.8	-23.9	-67.1
781	12.4	23.4	53.9	-11.8	-23.9	-67.1
782	12.4	23.4	53.9	-11.8	-23.9	-67.1
783	12.4	23.5	53.9	-11.8	-23.9	-67
784	12.4	23.5	53.9	-11.8	-23.9	-67
785	12.4	23.5	53.9	-11.8	-23.9	-67
786	12.4	23.5	53.9	-11.8	-23.9	-67
787	12.4	23.5	53.9	-11.8	-23.9	-67
788	12.4	23.5	53.9	-11.8	-23.9	-67
789	12.4	23.5	53.9	-11.8	-23.9	-67
790	12.4	23.5	53.9	-11.8	-23.9	-67
791	12.4	23.5	53.9	-11.8	-23.9	-67
792	12.4	23.4	53.9	-11.8	-23.9	-66.9
793	12.4	23.4	53.9	-11.8	-23.9	-66.9
794	12.4	23.3	53.9	-11.8	-23.9	-66.9
795	12.4	23.3	53.9	-11.8	-23.9	-66.9
796	12.4	23.2	53.9	-11.8	-23.9	-66.9
797	12.4	23.2	53.9	-11.8	-23.9	-66.9
798	12.3	23.1	53.9	-11.8	-23.9	-66.9
799	12.3	23.1	53.8	-11.8	-23.9	-66.9
800	12.3	23.1	53.8	-11.8	-23.9	-66.9
801	12.3	23.1	53.9	-11.8	-23.9	-66.8
802	12.3	23.1	53.8	-11.8	-23.9	-66.8
803	12.3	23.1	53.8	-11.8	-23.9	-66.8
804	12.3	23.1	53.8	-11.8	-23.9	-66.8
805	12.3	23.1	53.8	-11.8	-23.9	-66.8
806	12.3	23.1	53.8	-11.8	-23.9	-66.8
807	12.3	23.2	53.9	-11.8	-23.9	-66.7
808	12.3	23.2	53.8	-11.8	-23.9	-66.7
809	12.3	23.3	53.8	-11.8	-23.8	-66.7
810	12.3	23.3	53.8	-11.8	-23.8	-66.7
811	12.4	23.3	53.8	-11.8	-23.8	-66.7
812	12.4	23.4	53.8	-11.8	-23.8	-66.6
813	12.4	23.4	53.8	-11.8	-23.9	-66.6
814	12.4	23.4	53.8	-11.8	-23.8	-66.6
815	12.4	23.5	53.8	-11.8	-23.8	-66.6
816	12.4	23.5	53.8	-11.8	-23.8	-66.6
817	12.4	23.5	53.8	-11.8	-23.8	-66.6
818	12.4	23.5	53.8	-11.8	-23.8	-66.6
819	12.4	23.5	53.8	-11.8	-23.8	-66.5
820	12.4	23.5	53.8	-11.8	-23.8	-66.5
821	12.4	23.5	53.8	-11.8	-23.8	-66.5
822	12.4	23.4	53.8	-11.8	-23.8	-66.5
823	12.4	23.4	53.8	-11.8	-23.8	-66.5
824	12.4	23.4	53.8	-11.8	-23.9	-66.5
825	12.4	23.4	53.8	-11.8	-23.9	-66.5
826	12.4	23.3	53.8	-11.7	-23.8	-66.5
827	12.4	23.3	53.8	-11.7	-23.8	-66.5
828	12.4	23.3	53.8	-11.7	-23.8	-66.5
829	12.4	23.3	53.8	-11.7	-23.8	-66.5
830	12.4	23.3	53.8	-11.7	-23.8	-66.4
831	12.4	23.3	53.8	-11.7	-23.8	-66.4
832	12.4	23.3	53.8	-11.7	-23.8	-66.4
833	12.4	23.4	53.8	-11.7	-23.8	-66.4
834	12.4	23.4	53.8	-11.7	-23.8	-66.4
835	12.4	23.4	53.8	-11.7	-23.8	-66.4
836	12.4	23.4	53.8	-11.7	-23.8	-66.4
837	12.4	23.4	53.9	-11.7	-23.8	-66.4
838	12.4	23.4	53.8	-11.7	-23.8	-66.4
839	12.3	23.4	53.8	-11.7	-23.8	-66.4
840	12.3	23.4	53.8	-11.7	-23.8	-66.4
841	12.3	23.4	53.8	-11.8	-23.8	-66.4
842	12.3	23.3	53.8	-11.8	-23.8	-66.4
843	12.3	23.3	53.8	-11.8	-23.8	-66.4
844	12.3	23.3	53.8	-11.8	-23.8	-66.4
845	12.3	23.3	53.7	-11.8	-23.8	-66.4
846	12.3	23.3	53.7	-11.8	-23.8	-66.4
847	12.3	23.3	53.7	-11.8	-23.8	-66.4
848	12.3	23.3	53.7	-11.8	-23.8	-66.4
849	12.2	23.3	53.7	-11.8	-23.8	-66.4
850	12.2	23.3	53.7	-11.8	-23.8	-66.4
851	12.2	23.3	53.7	-11.8	-23.8	-66.4
852	12.2	23.3	53.7	-11.8	-23.8	-66.4
853	12.2	23.3	53.7	-11.8	-23.8	-66.4
854	12.2	23.3	53.7	-11.8	-23.8	-66.4
855	12.2	23.3	53.7	-11.8	-23.8	-66.4
856	12.2	23.3	53.6	-11.8	-23.9	-66.4
857	12.2	23.3	53.6	-11.8	-23.9	-66.4
858	12.2	23.2	53.6	-11.7	-23.9	-66.4
859	12.2	23.2	53.6	-11.7	-23.9	-66.4
860	12.1	23.2	53.6	-11.7	-23.9	-66.4
861	12.2	23.3	53.6	-11.7	-23.9	-66.4
862	12.2	23.3	53.6	-11.7	-23.9	-66.4
863	12.2	23.3	53.6	-11.7	-23.9	-66.4
864	12.1	23.3	53.6	-11.7	-23.8	-66.4
865	12.1	23.3	53.6	-11.7	-23.8	-66.4
866	12.1	23.3	53.6	-11.7	-23.8	-66.4
867	12.1	23.3	53.6	-11.7	-23.8	-66.4
868	12.1	23.3	53.6	-11.7	-23.8	-66.4
869	12.1	23.2	53.6	-11.6	-23.8	-66.4
870	12.1	23.2	53.6	-11.6	-23.8	-66.4
871	12.1	23.2	53.6	-11.6	-23.8	-66.4
872	12.1	23.2	53.6	-11.6	-23.8	-66.4
873	12.1	23.2	53.6	-11.6	-23.8	-66.4
874	12.1	23.2	53.6	-11.6	-23.8	-66.4
875	12.1	23.2	53.6	-11.6	-23.8	-66.4
876	12.1	23.2	53.6	-11.6	-23.8	-66.4
877	12	23.2	53.5	-11.7	-23.8	-66.4
878	12	23.2	53.5	-11.7	-23.8	-66.4
879	12	23.2	53.5	-11.7	-23.8	-66.4
880	12	23.2	53.4	-11.7	-23.8	-66.4
881	11.9	23.2	53.4	-11.7	-23.9	-66.4
882	11.9	23.2	53.4	-11.7	-23.9	-66.4
883	11.9	23.2	53.4	-11.7	-23.9	-66.4
884	11.9	23.2	53.4	-11.7	-23.9	-66.4
885	11.9	23.2	53.4	-11.7	-23.9	-66.4
886	11.9	23.2	53.3	-11.7	-23.9	-66.4
887	11.8	23.2	53.3	-11.7	-23.9	-66.4
888	11.8	23.2	53.3	-11.7	-23.9	-66.4
889	11.8	23.2	53.3	-11.7	-23.9	-66.4
890	11.8	23.2	53.3	-11.7	-23.9	-66.4
891	11.8	23.2	53.3	-11.7	-23.9	-66.4
892	11.8	23.2	53.3	-11.7	-23.8	-66.4
893	11.8	23.2	53.3	-11.7	-23.8	-66.4
894	11.8	23.2	53.3	-11.7	-23.8	-66.4
895	11.7	23.2	53.3	-11.7	-23.8	-66.4
896	11.7	23.2	53.2	-11.7	-23.8	-66.4
897	11.7	23.2	53.2	-11.7	-23.8	-66.4
898	11.7	23.2	53.2	-11.7	-23.8	-66.4
899	11.7	23.2	53.2	-11.7	-23.8	-66.4
900	11.7	23.2	53.2	-11.7	-23.8	-66.4
901	11.7	23.2	53.2	-11.7	-23.8	-66.3
902	11.7	23.2	53.2	-11.7	-23.8	-66.3
903	11.7	23.2	53.2	-11.7	-23.8	-66.3
904	11.7	23.2	53.2	-11.7	-23.8	-66.3
905	11.7	23.2	53.2	-11.7	-23.8	-66.3
906	11.7	23.2	53.2	-11.7	-23.8	-66.3
907	11.7	23.2	53.2	-11.7	-23.8	-66.3
908	11.7	23.2	53.2	-11.7	-23.8	-66.3
909	11.7	23.2	53.2	-11.7	-23.8	-66.3
910	11.7	23.2	53.2	-11.6	-23.7	-66.3
911	11.7	23.2	53.2	-11.6	-23.7	-66.3
912	11.7	23.2	53.1	-11.6	-23.7	-66.2
913	11.7	23.2	53.1	-11.6	-23.7	-66.2
914	11.7	23.2	53.1	-11.6	-23.7	-66.2
915	11.7	23.2	53.1	-11.7	-23.7	-66.2
916	11.7	23.2	53.1	-11.7	-23.7	-66.2
917	11.7	23.2	53.1	-11.6	-23.7	-66.2
918	11.6	23.2	53	-11.6	-23.7	-66.2
919	11.6	23.2	53	-11.6	-23.8	-66.2
920	11.6	23.2	53	-11.6	-23.8	-66.2
921	11.6	23.2	53	-11.6	-23.8	-66.2
922	11.6	23.2	53	-11.6	-23.8	-66.2
923	11.6	23.2	53	-11.6	-23.8	-66.2
924	11.6	23.2	53	-11.6	-23.7	-66.2
925	11.6	23.2	53	-11.6	-23.7	-66.2
926	11.6	23.2	53	-11.6	-23.7	-66.2
927	11.6	23.2	53	-11.6	-23.7	-66.2
928	11.6	23.2	53	-11.6	-23.7	-66.2
929	11.6	23.2	53	-11.6	-23.7	-66.2
930	11.6	23.2	53	-11.6	-23.7	-66.2
931	11.6	23.2	53	-11.6	-23.7	-66.1
932	11.6	23.2	53	-11.6	-23.7	-66.2
933	11.6	23.2	53	-11.6	-23.7	-66.2
934	11.6	23.2	53	-11.6	-23.7	-66.2
935	11.6	23.3	53	-11.6	-23.7	-66.1
936	11.6	23.3	53	-11.6	-23.7	-66.1
937	11.6	23.3	53.1	-11.6	-23.7	-66.1
938	11.6	23.3	53.1	-11.6	-23.7	-66.1
939	11.7	23.3	53.1	-11.6	-23.7	-66.1
940	11.7	23.3	53.1	-11.6	-23.7	-66.1
941	11.7	23.3	53.1	-11.6	-23.7	-66.1
942	11.6	23.3	53.1	-11.6	-23.7	-66.1
943	11.6	23.3	53.1	-11.6	-23.7	-66.1
944	11.6	23.3	53.1	-11.6	-23.7	-66.1
945	11.7	23.4	53.1	-11.6	-23.7	-66.1
946	11.7	23.4	53.1	-11.5	-23.7	-66.1
947	11.7	23.4	53.1	-11.5	-23.7	-66.1
948	11.7	23.4	53.1	-11.5	-23.7	-66.1
949	11.7	23.4	53.1	-11.5	-23.7	-66.1
950	11.7	23.4	53.1	-11.5	-23.7	-66.1
951	11.7	23.3	53.1	-11.5	-23.7	-66.1
952	11.7	23.3	53.1	-11.6	-23.7	-66
953	11.7	23.3	53.1	-11.6	-23.7	-66.1
954	11.7	23.3	53.1	-11.5	-23.7	-66
955	11.7	23.3	53.1	-11.5	-23.8	-66
956	11.7	23.3	53.1	-11.5	-23.8	-66
957	11.7	23.3	53	-11.5	-23.8	-66
958	11.7	23.3	53	-11.6	-23.8	-66
959	11.7	23.2	53	-11.6	-23.8	-66
960	11.7	23.2	53	-11.6	-23.8	-66
961	11.7	23.2	53	-11.6	-23.8	-66
962	11.7	23.2	53	-11.6	-23.8	-66
963	11.7	23.2	53	-11.6	-23.8	-66
964	11.7	23.2	53	-11.6	-23.8	-66
965	11.7	23.2	53	-11.6	-23.8	-66
966	11.7	23.1	53	-11.6	-23.8	-66
967	11.7	23.1	53	-11.6	-23.8	-66
968	11.7	23.1	53	-11.6	-23.8	-65.9
969	11.7	23.1	53	-11.6	-23.8	-65.9
970	11.7	23.1	53	-11.6	-23.8	-65.9
971	11.7	23.1	53	-11.6	-23.8	-65.9
972	11.7	23.1	52.9	-11.6	-23.8	-65.9
973	11.7	23.1	53	-11.6	-23.8	-65.9
974	11.8	23.1	53	-11.6	-23.8	-65.9
975	11.8	23	53	-11.7	-23.8	-65.9
976	11.8	23	53	-11.7	-23.8	-65.9
977	11.8	23	52.9	-11.7	-23.8	-65.9
978	11.8	23	53	-11.7	-23.8	-65.9
979	11.8	23	53	-11.7	-23.8	-65.8
980	11.8	23	53	-11.7	-23.8	-65.8
981	11.8	23	53	-11.6	-23.8	-65.8
982	11.8	23	52.9	-11.6	-23.8	-65.8
983	11.8	23	52.9	-11.6	-23.8	-65.8
984	11.8	23	52.9	-11.6	-23.7	-65.7
985	11.8	23.1	52.9	-11.6	-23.7	-65.7
986	11.8	23.1	53	-11.6	-23.7	-65.7
987	11.8	23.1	53	-11.6	-23.7	-65.7
988	11.8	23.1	53	-11.6	-23.7	-65.7
989	11.8	23.1	53	-11.6	-23.7	-65.7
990	11.8	23.1	52.9	-11.6	-23.7	-65.7
991	11.8	23.1	53	-11.6	-23.7	-65.7
992	11.8	23.1	53	-11.6	-23.7	-65.6
993	11.9	23.1	53	-11.6	-23.7	-65.6
994	11.9	23.1	53	-11.6	-23.7	-65.6
995	11.9	23.1	53	-11.6	-23.7	-65.6
996	11.9	23.1	53	-11.6	-23.7	-65.6
997	11.9	23.1	53	-11.5	-23.7	-65.6
998	11.9	23.2	53	-11.5	-23.7	-65.6
999	11.9	23.2	53	-11.5	-23.7	-65.6
1000	11.9	23.2	53	-11.5	-23.7	-65.6