Time	100GtC	200GtC	500GtC	-100GtC	-200GtC	-500GtC
0	0	0	0	0	0	0
1	0.02	0.04	0.09	-0.02	-0.04	-0.11
2	0.06	0.11	0.26	-0.06	-0.13	-0.37
3	0.08	0.15	0.35	-0.08	-0.17	-0.48
4	0.09	0.17	0.4	-0.1	-0.2	-0.55
5	0.1	0.19	0.45	-0.1	-0.21	-0.59
6	0.11	0.21	0.48	-0.11	-0.23	-0.63
7	0.11	0.22	0.51	-0.11	-0.24	-0.65
8	0.12	0.23	0.53	-0.12	-0.24	-0.66
9	0.12	0.23	0.55	-0.12	-0.25	-0.67
10	0.12	0.24	0.56	-0.13	-0.26	-0.68
11	0.13	0.24	0.58	-0.13	-0.26	-0.7
12	0.13	0.25	0.6	-0.13	-0.26	-0.7
13	0.13	0.25	0.61	-0.13	-0.27	-0.71
14	0.13	0.26	0.62	-0.13	-0.27	-0.71
15	0.13	0.26	0.63	-0.13	-0.27	-0.72
16	0.13	0.27	0.64	-0.13	-0.27	-0.72
17	0.13	0.27	0.65	-0.14	-0.28	-0.73
18	0.13	0.27	0.65	-0.14	-0.28	-0.73
19	0.14	0.27	0.66	-0.14	-0.28	-0.74
20	0.14	0.27	0.67	-0.14	-0.28	-0.74
21	0.14	0.27	0.67	-0.14	-0.28	-0.74
22	0.14	0.27	0.68	-0.14	-0.28	-0.74
23	0.14	0.28	0.68	-0.14	-0.28	-0.74
24	0.14	0.28	0.69	-0.14	-0.28	-0.74
25	0.14	0.28	0.69	-0.14	-0.28	-0.74
26	0.14	0.28	0.69	-0.14	-0.28	-0.75
27	0.14	0.28	0.69	-0.14	-0.28	-0.75
28	0.14	0.28	0.69	-0.14	-0.28	-0.75
29	0.14	0.28	0.69	-0.14	-0.28	-0.76
30	0.14	0.28	0.69	-0.14	-0.28	-0.76
31	0.14	0.28	0.69	-0.14	-0.28	-0.75
32	0.14	0.28	0.69	-0.14	-0.28	-0.76
33	0.14	0.28	0.69	-0.14	-0.28	-0.76
34	0.14	0.28	0.69	-0.14	-0.28	-0.76
35	0.14	0.28	0.68	-0.14	-0.28	-0.76
36	0.14	0.28	0.68	-0.14	-0.28	-0.76
37	0.14	0.28	0.68	-0.14	-0.28	-0.75
38	0.14	0.28	0.68	-0.14	-0.28	-0.75
39	0.14	0.28	0.68	-0.14	-0.28	-0.75
40	0.14	0.28	0.68	-0.14	-0.28	-0.75
41	0.14	0.28	0.67	-0.14	-0.28	-0.75
42	0.14	0.28	0.67	-0.14	-0.28	-0.74
43	0.14	0.28	0.68	-0.14	-0.28	-0.73
44	0.14	0.28	0.67	-0.14	-0.28	-0.72
45	0.14	0.28	0.67	-0.14	-0.28	-0.72
46	0.14	0.28	0.66	-0.14	-0.27	-0.72
47	0.14	0.28	0.66	-0.14	-0.27	-0.71
48	0.14	0.28	0.67	-0.13	-0.27	-0.71
49	0.14	0.28	0.66	-0.13	-0.27	-0.71
50	0.14	0.28	0.66	-0.13	-0.27	-0.7
51	0.14	0.27	0.65	-0.13	-0.27	-0.7
52	0.14	0.27	0.65	-0.13	-0.27	-0.69
53	0.14	0.27	0.65	-0.13	-0.27	-0.69
54	0.14	0.28	0.65	-0.13	-0.27	-0.69
55	0.14	0.27	0.65	-0.13	-0.27	-0.69
56	0.14	0.27	0.65	-0.13	-0.27	-0.69
57	0.14	0.27	0.65	-0.13	-0.27	-0.68
58	0.14	0.27	0.65	-0.13	-0.27	-0.68
59	0.14	0.27	0.64	-0.13	-0.26	-0.68
60	0.14	0.27	0.64	-0.13	-0.26	-0.67
61	0.14	0.27	0.64	-0.13	-0.26	-0.67
62	0.14	0.27	0.65	-0.13	-0.26	-0.67
63	0.14	0.27	0.65	-0.13	-0.26	-0.67
64	0.13	0.27	0.64	-0.13	-0.26	-0.66
65	0.13	0.26	0.64	-0.13	-0.26	-0.67
66	0.13	0.27	0.64	-0.13	-0.26	-0.67
67	0.13	0.27	0.65	-0.13	-0.26	-0.67
68	0.13	0.26	0.65	-0.13	-0.26	-0.66
69	0.13	0.26	0.64	-0.13	-0.26	-0.67
70	0.13	0.26	0.64	-0.13	-0.26	-0.67
71	0.13	0.26	0.64	-0.13	-0.26	-0.67
72	0.13	0.26	0.64	-0.13	-0.26	-0.66
73	0.13	0.26	0.64	-0.13	-0.26	-0.67
74	0.13	0.26	0.64	-0.13	-0.26	-0.67
75	0.13	0.26	0.64	-0.13	-0.26	-0.67
76	0.13	0.26	0.64	-0.13	-0.26	-0.67
77	0.13	0.26	0.64	-0.13	-0.26	-0.67
78	0.13	0.26	0.64	-0.13	-0.26	-0.67
79	0.13	0.26	0.64	-0.14	-0.26	-0.67
80	0.13	0.26	0.64	-0.14	-0.26	-0.67
81	0.13	0.26	0.63	-0.13	-0.26	-0.68
82	0.13	0.26	0.63	-0.13	-0.26	-0.68
83	0.13	0.26	0.64	-0.13	-0.26	-0.68
84	0.13	0.26	0.64	-0.13	-0.26	-0.68
85	0.13	0.26	0.64	-0.13	-0.26	-0.68
86	0.13	0.26	0.64	-0.13	-0.26	-0.68
87	0.13	0.26	0.64	-0.13	-0.26	-0.68
88	0.13	0.26	0.64	-0.13	-0.26	-0.69
89	0.13	0.26	0.64	-0.13	-0.26	-0.69
90	0.14	0.26	0.64	-0.13	-0.25	-0.68
91	0.13	0.26	0.64	-0.13	-0.25	-0.68
92	0.13	0.26	0.64	-0.13	-0.26	-0.69
93	0.13	0.26	0.64	-0.13	-0.26	-0.69
94	0.13	0.26	0.64	-0.13	-0.26	-0.69
95	0.13	0.26	0.64	-0.13	-0.26	-0.69
96	0.13	0.26	0.64	-0.13	-0.26	-0.69
97	0.13	0.26	0.64	-0.13	-0.26	-0.7
98	0.13	0.25	0.64	-0.13	-0.26	-0.7
99	0.13	0.25	0.64	-0.13	-0.26	-0.69
100	0.13	0.25	0.64	-0.13	-0.26	-0.7
101	0.13	0.25	0.64	-0.13	-0.26	-0.69
102	0.13	0.25	0.64	-0.13	-0.26	-0.7
103	0.13	0.25	0.64	-0.13	-0.26	-0.7
104	0.13	0.25	0.64	-0.13	-0.26	-0.7
105	0.13	0.25	0.64	-0.13	-0.26	-0.7
106	0.13	0.25	0.64	-0.13	-0.26	-0.7
107	0.13	0.25	0.64	-0.13	-0.26	-0.7
108	0.13	0.25	0.64	-0.13	-0.26	-0.7
109	0.13	0.25	0.64	-0.13	-0.26	-0.7
110	0.13	0.26	0.65	-0.13	-0.26	-0.7
111	0.13	0.26	0.65	-0.13	-0.26	-0.7
112	0.13	0.26	0.65	-0.13	-0.26	-0.7
113	0.13	0.26	0.65	-0.13	-0.26	-0.7
114	0.13	0.26	0.65	-0.13	-0.26	-0.7
115	0.14	0.26	0.65	-0.13	-0.26	-0.7
116	0.13	0.26	0.65	-0.13	-0.26	-0.7
117	0.13	0.26	0.65	-0.13	-0.26	-0.7
118	0.13	0.26	0.65	-0.13	-0.26	-0.7
119	0.14	0.26	0.65	-0.13	-0.26	-0.7
120	0.13	0.26	0.65	-0.13	-0.26	-0.7
121	0.13	0.26	0.65	-0.13	-0.26	-0.71
122	0.13	0.26	0.65	-0.13	-0.26	-0.71
123	0.13	0.26	0.65	-0.13	-0.26	-0.71
124	0.13	0.26	0.65	-0.13	-0.26	-0.71
125	0.13	0.26	0.65	-0.13	-0.26	-0.71
126	0.13	0.26	0.65	-0.13	-0.26	-0.71
127	0.13	0.26	0.65	-0.13	-0.26	-0.71
128	0.14	0.26	0.65	-0.13	-0.27	-0.71
129	0.13	0.26	0.65	-0.13	-0.27	-0.71
130	0.14	0.26	0.65	-0.13	-0.26	-0.71
131	0.14	0.25	0.65	-0.13	-0.26	-0.71
132	0.14	0.25	0.66	-0.13	-0.26	-0.71
133	0.14	0.25	0.66	-0.13	-0.27	-0.72
134	0.14	0.26	0.65	-0.13	-0.26	-0.72
135	0.14	0.26	0.65	-0.13	-0.26	-0.72
136	0.14	0.26	0.66	-0.13	-0.26	-0.71
137	0.14	0.26	0.66	-0.13	-0.26	-0.71
138	0.14	0.25	0.66	-0.13	-0.27	-0.71
139	0.14	0.26	0.66	-0.13	-0.27	-0.71
140	0.14	0.26	0.66	-0.13	-0.27	-0.71
141	0.14	0.26	0.66	-0.13	-0.27	-0.72
142	0.14	0.26	0.66	-0.13	-0.27	-0.72
143	0.14	0.26	0.66	-0.13	-0.27	-0.72
144	0.14	0.26	0.66	-0.13	-0.27	-0.72
145	0.14	0.26	0.66	-0.13	-0.27	-0.72
146	0.14	0.26	0.66	-0.13	-0.27	-0.72
147	0.14	0.26	0.66	-0.13	-0.27	-0.72
148	0.14	0.26	0.66	-0.13	-0.27	-0.72
149	0.14	0.26	0.66	-0.14	-0.27	-0.72
150	0.14	0.26	0.66	-0.14	-0.27	-0.72
151	0.14	0.26	0.66	-0.13	-0.27	-0.72
152	0.14	0.26	0.66	-0.13	-0.27	-0.72
153	0.14	0.26	0.66	-0.14	-0.27	-0.72
154	0.14	0.26	0.66	-0.13	-0.27	-0.73
155	0.14	0.26	0.66	-0.13	-0.27	-0.73
156	0.14	0.26	0.66	-0.13	-0.27	-0.73
157	0.14	0.26	0.66	-0.14	-0.27	-0.73
158	0.14	0.26	0.66	-0.14	-0.27	-0.73
159	0.14	0.26	0.66	-0.14	-0.27	-0.73
160	0.14	0.26	0.66	-0.14	-0.27	-0.73
161	0.14	0.26	0.66	-0.13	-0.28	-0.73
162	0.14	0.26	0.66	-0.14	-0.28	-0.73
163	0.14	0.26	0.66	-0.14	-0.28	-0.73
164	0.14	0.26	0.66	-0.14	-0.28	-0.73
165	0.14	0.26	0.66	-0.14	-0.28	-0.73
166	0.14	0.26	0.66	-0.14	-0.28	-0.73
167	0.14	0.26	0.66	-0.14	-0.28	-0.73
168	0.14	0.26	0.66	-0.14	-0.28	-0.73
169	0.14	0.26	0.66	-0.14	-0.28	-0.74
170	0.14	0.26	0.66	-0.14	-0.28	-0.74
171	0.14	0.26	0.66	-0.14	-0.28	-0.73
172	0.14	0.26	0.66	-0.14	-0.28	-0.74
173	0.13	0.26	0.66	-0.14	-0.28	-0.74
174	0.13	0.26	0.66	-0.14	-0.28	-0.74
175	0.13	0.26	0.66	-0.14	-0.28	-0.74
176	0.13	0.26	0.66	-0.14	-0.28	-0.74
177	0.14	0.26	0.66	-0.14	-0.28	-0.74
178	0.14	0.26	0.66	-0.14	-0.28	-0.73
179	0.14	0.26	0.66	-0.14	-0.28	-0.73
180	0.14	0.26	0.66	-0.14	-0.28	-0.73
181	0.14	0.26	0.67	-0.14	-0.28	-0.74
182	0.13	0.26	0.66	-0.14	-0.28	-0.74
183	0.14	0.26	0.66	-0.14	-0.28	-0.74
184	0.14	0.27	0.67	-0.14	-0.28	-0.74
185	0.14	0.26	0.67	-0.14	-0.28	-0.74
186	0.14	0.27	0.67	-0.14	-0.28	-0.74
187	0.14	0.27	0.66	-0.14	-0.28	-0.74
188	0.14	0.27	0.67	-0.14	-0.28	-0.74
189	0.14	0.26	0.67	-0.14	-0.28	-0.74
190	0.14	0.27	0.67	-0.14	-0.28	-0.74
191	0.14	0.27	0.67	-0.14	-0.28	-0.74
192	0.14	0.27	0.67	-0.14	-0.28	-0.74
193	0.14	0.27	0.67	-0.14	-0.28	-0.74
194	0.14	0.27	0.67	-0.14	-0.28	-0.74
195	0.14	0.27	0.67	-0.14	-0.28	-0.74
196	0.14	0.27	0.67	-0.14	-0.28	-0.74
197	0.14	0.27	0.67	-0.14	-0.28	-0.74
198	0.14	0.27	0.67	-0.14	-0.28	-0.74
199	0.14	0.27	0.67	-0.14	-0.28	-0.74
200	0.14	0.27	0.67	-0.14	-0.28	-0.75
201	0.14	0.26	0.67	-0.14	-0.28	-0.75
202	0.14	0.27	0.67	-0.14	-0.29	-0.75
203	0.14	0.27	0.67	-0.14	-0.29	-0.75
204	0.14	0.27	0.67	-0.14	-0.29	-0.74
205	0.14	0.27	0.67	-0.14	-0.29	-0.74
206	0.14	0.27	0.67	-0.14	-0.29	-0.74
207	0.14	0.27	0.68	-0.14	-0.29	-0.74
208	0.14	0.27	0.68	-0.14	-0.29	-0.74
209	0.14	0.27	0.68	-0.14	-0.29	-0.75
210	0.14	0.27	0.68	-0.14	-0.29	-0.75
211	0.14	0.27	0.68	-0.14	-0.29	-0.74
212	0.14	0.27	0.68	-0.14	-0.29	-0.75
213	0.14	0.27	0.68	-0.14	-0.29	-0.75
214	0.14	0.27	0.68	-0.14	-0.29	-0.74
215	0.14	0.27	0.68	-0.14	-0.29	-0.74
216	0.14	0.27	0.68	-0.14	-0.29	-0.74
217	0.14	0.27	0.68	-0.14	-0.29	-0.75
218	0.14	0.27	0.68	-0.14	-0.29	-0.75
219	0.14	0.27	0.68	-0.15	-0.29	-0.75
220	0.14	0.27	0.68	-0.15	-0.29	-0.75
221	0.14	0.27	0.68	-0.14	-0.29	-0.75
222	0.14	0.27	0.68	-0.15	-0.29	-0.75
223	0.14	0.27	0.68	-0.14	-0.29	-0.75
224	0.14	0.27	0.68	-0.14	-0.29	-0.75
225	0.14	0.27	0.68	-0.14	-0.29	-0.75
226	0.14	0.27	0.68	-0.14	-0.29	-0.75
227	0.14	0.27	0.68	-0.14	-0.29	-0.75
228	0.14	0.27	0.68	-0.14	-0.29	-0.75
229	0.14	0.27	0.68	-0.15	-0.29	-0.75
230	0.14	0.27	0.69	-0.14	-0.29	-0.75
231	0.14	0.27	0.69	-0.14	-0.29	-0.75
232	0.14	0.27	0.69	-0.14	-0.29	-0.75
233	0.14	0.27	0.69	-0.14	-0.29	-0.75
234	0.14	0.27	0.69	-0.14	-0.29	-0.75
235	0.14	0.28	0.69	-0.14	-0.29	-0.75
236	0.14	0.28	0.69	-0.14	-0.29	-0.74
237	0.14	0.28	0.69	-0.14	-0.29	-0.74
238	0.14	0.27	0.69	-0.14	-0.29	-0.75
239	0.14	0.27	0.69	-0.14	-0.29	-0.75
240	0.14	0.27	0.69	-0.14	-0.29	-0.75
241	0.14	0.27	0.69	-0.14	-0.29	-0.75
242	0.14	0.27	0.69	-0.14	-0.29	-0.75
243	0.14	0.27	0.69	-0.14	-0.29	-0.75
244	0.14	0.27	0.69	-0.14	-0.29	-0.75
245	0.14	0.28	0.69	-0.14	-0.29	-0.75
246	0.14	0.28	0.69	-0.14	-0.29	-0.75
247	0.14	0.28	0.69	-0.14	-0.29	-0.75
248	0.14	0.28	0.69	-0.14	-0.29	-0.75
249	0.14	0.28	0.69	-0.14	-0.29	-0.75
250	0.14	0.27	0.69	-0.15	-0.29	-0.75
251	0.14	0.27	0.69	-0.15	-0.29	-0.76
252	0.14	0.27	0.69	-0.15	-0.29	-0.76
253	0.14	0.27	0.69	-0.15	-0.29	-0.76
254	0.14	0.27	0.69	-0.15	-0.29	-0.75
255	0.14	0.27	0.69	-0.15	-0.29	-0.75
256	0.14	0.27	0.69	-0.15	-0.29	-0.75
257	0.14	0.28	0.69	-0.15	-0.29	-0.75
258	0.14	0.28	0.7	-0.15	-0.29	-0.75
259	0.14	0.28	0.7	-0.15	-0.29	-0.75
260	0.14	0.28	0.7	-0.15	-0.29	-0.75
261	0.14	0.28	0.7	-0.15	-0.29	-0.75
262	0.14	0.28	0.7	-0.15	-0.29	-0.75
263	0.14	0.28	0.7	-0.15	-0.29	-0.75
264	0.14	0.28	0.7	-0.15	-0.29	-0.75
265	0.14	0.28	0.7	-0.15	-0.29	-0.75
266	0.14	0.28	0.7	-0.15	-0.29	-0.75
267	0.14	0.27	0.7	-0.15	-0.29	-0.75
268	0.14	0.28	0.7	-0.15	-0.29	-0.75
269	0.15	0.27	0.7	-0.15	-0.3	-0.75
270	0.14	0.28	0.7	-0.15	-0.3	-0.75
271	0.14	0.28	0.7	-0.15	-0.29	-0.75
272	0.14	0.28	0.7	-0.14	-0.29	-0.75
273	0.15	0.28	0.7	-0.15	-0.29	-0.75
274	0.15	0.28	0.7	-0.15	-0.29	-0.75
275	0.15	0.28	0.7	-0.14	-0.29	-0.75
276	0.15	0.28	0.7	-0.15	-0.29	-0.75
277	0.15	0.28	0.7	-0.15	-0.29	-0.75
278	0.15	0.28	0.7	-0.15	-0.29	-0.75
279	0.15	0.28	0.7	-0.15	-0.3	-0.75
280	0.15	0.28	0.7	-0.15	-0.29	-0.75
281	0.15	0.28	0.7	-0.15	-0.29	-0.75
282	0.15	0.28	0.7	-0.15	-0.29	-0.75
283	0.15	0.28	0.7	-0.15	-0.29	-0.75
284	0.15	0.28	0.7	-0.15	-0.29	-0.75
285	0.15	0.28	0.7	-0.15	-0.29	-0.75
286	0.15	0.28	0.7	-0.15	-0.29	-0.75
287	0.15	0.28	0.71	-0.15	-0.29	-0.75
288	0.15	0.28	0.71	-0.15	-0.29	-0.75
289	0.15	0.28	0.71	-0.15	-0.3	-0.75
290	0.15	0.28	0.71	-0.15	-0.29	-0.76
291	0.15	0.28	0.71	-0.15	-0.3	-0.75
292	0.15	0.28	0.71	-0.15	-0.29	-0.76
293	0.15	0.28	0.71	-0.15	-0.3	-0.76
294	0.15	0.28	0.7	-0.15	-0.3	-0.76
295	0.15	0.28	0.7	-0.15	-0.3	-0.76
296	0.15	0.28	0.71	-0.15	-0.3	-0.76
297	0.15	0.28	0.71	-0.15	-0.3	-0.76
298	0.15	0.28	0.71	-0.15	-0.3	-0.76
299	0.15	0.28	0.71	-0.15	-0.3	-0.76
300	0.15	0.28	0.71	-0.15	-0.3	-0.76
301	0.15	0.28	0.7	-0.15	-0.3	-0.76
302	0.15	0.28	0.71	-0.15	-0.3	-0.76
303	0.15	0.28	0.71	-0.15	-0.3	-0.76
304	0.15	0.28	0.71	-0.15	-0.3	-0.76
305	0.15	0.28	0.71	-0.15	-0.3	-0.76
306	0.15	0.28	0.71	-0.15	-0.3	-0.76
307	0.15	0.28	0.71	-0.15	-0.3	-0.76
308	0.15	0.28	0.71	-0.15	-0.3	-0.76
309	0.15	0.28	0.71	-0.15	-0.3	-0.76
310	0.15	0.28	0.71	-0.15	-0.3	-0.76
311	0.15	0.28	0.71	-0.15	-0.3	-0.76
312	0.15	0.28	0.71	-0.15	-0.3	-0.76
313	0.15	0.28	0.71	-0.15	-0.3	-0.76
314	0.15	0.28	0.71	-0.15	-0.3	-0.76
315	0.15	0.28	0.71	-0.15	-0.3	-0.76
316	0.15	0.28	0.71	-0.15	-0.3	-0.76
317	0.15	0.28	0.72	-0.15	-0.3	-0.75
318	0.15	0.28	0.72	-0.15	-0.3	-0.76
319	0.15	0.28	0.72	-0.15	-0.3	-0.76
320	0.15	0.29	0.72	-0.15	-0.3	-0.75
321	0.15	0.29	0.72	-0.15	-0.3	-0.76
322	0.15	0.29	0.72	-0.15	-0.3	-0.75
323	0.15	0.29	0.72	-0.15	-0.3	-0.76
324	0.15	0.28	0.72	-0.15	-0.3	-0.75
325	0.15	0.28	0.72	-0.15	-0.3	-0.75
326	0.15	0.28	0.72	-0.15	-0.3	-0.75
327	0.15	0.28	0.72	-0.14	-0.3	-0.75
328	0.15	0.28	0.72	-0.15	-0.3	-0.76
329	0.15	0.28	0.72	-0.15	-0.3	-0.76
330	0.15	0.28	0.72	-0.15	-0.3	-0.76
331	0.14	0.28	0.72	-0.15	-0.3	-0.76
332	0.15	0.28	0.72	-0.15	-0.3	-0.75
333	0.15	0.28	0.72	-0.15	-0.3	-0.76
334	0.15	0.28	0.72	-0.15	-0.3	-0.76
335	0.15	0.28	0.72	-0.15	-0.3	-0.76
336	0.15	0.28	0.72	-0.15	-0.3	-0.76
337	0.15	0.28	0.72	-0.15	-0.3	-0.76
338	0.15	0.28	0.72	-0.15	-0.31	-0.76
339	0.15	0.28	0.72	-0.15	-0.3	-0.76
340	0.15	0.28	0.72	-0.15	-0.3	-0.76
341	0.15	0.28	0.72	-0.15	-0.3	-0.76
342	0.15	0.28	0.72	-0.15	-0.3	-0.76
343	0.15	0.28	0.72	-0.15	-0.3	-0.76
344	0.15	0.28	0.72	-0.15	-0.3	-0.76
345	0.15	0.28	0.72	-0.15	-0.3	-0.76
346	0.15	0.28	0.72	-0.15	-0.3	-0.75
347	0.15	0.28	0.72	-0.15	-0.3	-0.76
348	0.15	0.28	0.72	-0.15	-0.3	-0.76
349	0.15	0.28	0.72	-0.15	-0.3	-0.76
350	0.15	0.28	0.72	-0.15	-0.3	-0.76
351	0.15	0.28	0.72	-0.15	-0.3	-0.76
352	0.15	0.29	0.72	-0.15	-0.3	-0.76
353	0.15	0.28	0.72	-0.15	-0.3	-0.76
354	0.14	0.28	0.72	-0.15	-0.3	-0.76
355	0.14	0.28	0.72	-0.15	-0.3	-0.76
356	0.14	0.28	0.72	-0.15	-0.3	-0.76
357	0.14	0.29	0.72	-0.15	-0.3	-0.76
358	0.14	0.29	0.72	-0.15	-0.3	-0.76
359	0.15	0.29	0.72	-0.15	-0.3	-0.76
360	0.15	0.29	0.72	-0.15	-0.3	-0.76
361	0.15	0.29	0.72	-0.15	-0.3	-0.76
362	0.15	0.29	0.72	-0.15	-0.3	-0.76
363	0.15	0.28	0.73	-0.15	-0.3	-0.76
364	0.15	0.29	0.73	-0.15	-0.3	-0.76
365	0.15	0.29	0.73	-0.15	-0.3	-0.76
366	0.15	0.29	0.73	-0.15	-0.3	-0.76
367	0.15	0.29	0.73	-0.15	-0.3	-0.76
368	0.15	0.29	0.73	-0.15	-0.3	-0.76
369	0.15	0.29	0.73	-0.15	-0.3	-0.76
370	0.15	0.29	0.73	-0.15	-0.3	-0.76
371	0.15	0.29	0.73	-0.15	-0.3	-0.76
372	0.15	0.29	0.73	-0.15	-0.3	-0.76
373	0.15	0.29	0.73	-0.15	-0.3	-0.76
374	0.15	0.29	0.73	-0.15	-0.3	-0.76
375	0.15	0.29	0.73	-0.15	-0.3	-0.76
376	0.15	0.29	0.73	-0.15	-0.3	-0.76
377	0.15	0.29	0.73	-0.15	-0.3	-0.76
378	0.15	0.29	0.72	-0.15	-0.3	-0.76
379	0.15	0.29	0.72	-0.15	-0.3	-0.76
380	0.15	0.29	0.73	-0.15	-0.3	-0.76
381	0.15	0.28	0.72	-0.15	-0.3	-0.77
382	0.15	0.28	0.72	-0.15	-0.3	-0.77
383	0.15	0.28	0.73	-0.15	-0.3	-0.77
384	0.15	0.28	0.73	-0.15	-0.3	-0.76
385	0.15	0.28	0.72	-0.15	-0.3	-0.77
386	0.15	0.28	0.72	-0.15	-0.3	-0.77
387	0.14	0.28	0.72	-0.15	-0.31	-0.77
388	0.14	0.28	0.72	-0.15	-0.31	-0.77
389	0.15	0.28	0.72	-0.15	-0.31	-0.76
390	0.15	0.28	0.72	-0.15	-0.31	-0.76
391	0.15	0.28	0.73	-0.15	-0.31	-0.76
392	0.15	0.28	0.73	-0.15	-0.3	-0.77
393	0.14	0.28	0.73	-0.15	-0.31	-0.77
394	0.14	0.28	0.73	-0.15	-0.3	-0.77
395	0.14	0.28	0.73	-0.15	-0.3	-0.76
396	0.15	0.29	0.73	-0.15	-0.3	-0.76
397	0.15	0.29	0.73	-0.15	-0.3	-0.76
398	0.15	0.29	0.73	-0.15	-0.3	-0.77
399	0.15	0.29	0.73	-0.15	-0.3	-0.76
400	0.15	0.29	0.73	-0.15	-0.31	-0.77
401	0.15	0.29	0.73	-0.15	-0.3	-0.76
402	0.15	0.29	0.73	-0.15	-0.3	-0.77
403	0.15	0.28	0.73	-0.15	-0.3	-0.76
404	0.15	0.28	0.73	-0.15	-0.3	-0.76
405	0.15	0.28	0.73	-0.15	-0.31	-0.76
406	0.15	0.28	0.73	-0.15	-0.3	-0.76
407	0.15	0.29	0.73	-0.15	-0.3	-0.76
408	0.15	0.29	0.73	-0.15	-0.3	-0.76
409	0.15	0.28	0.73	-0.15	-0.3	-0.76
410	0.15	0.28	0.73	-0.15	-0.3	-0.76
411	0.15	0.28	0.73	-0.15	-0.3	-0.76
412	0.15	0.29	0.73	-0.15	-0.3	-0.76
413	0.15	0.29	0.73	-0.15	-0.3	-0.76
414	0.15	0.29	0.73	-0.15	-0.3	-0.76
415	0.15	0.29	0.73	-0.15	-0.3	-0.76
416	0.15	0.29	0.73	-0.15	-0.3	-0.76
417	0.15	0.29	0.73	-0.15	-0.3	-0.76
418	0.15	0.29	0.73	-0.15	-0.3	-0.76
419	0.15	0.29	0.73	-0.15	-0.3	-0.76
420	0.15	0.29	0.73	-0.15	-0.3	-0.76
421	0.15	0.29	0.73	-0.15	-0.3	-0.77
422	0.15	0.29	0.73	-0.15	-0.3	-0.77
423	0.15	0.29	0.73	-0.15	-0.3	-0.77
424	0.15	0.29	0.73	-0.15	-0.3	-0.77
425	0.15	0.29	0.73	-0.15	-0.3	-0.77
426	0.15	0.29	0.73	-0.15	-0.3	-0.77
427	0.15	0.29	0.73	-0.15	-0.3	-0.77
428	0.15	0.28	0.73	-0.15	-0.3	-0.77
429	0.15	0.28	0.73	-0.15	-0.3	-0.77
430	0.15	0.28	0.73	-0.15	-0.3	-0.77
431	0.15	0.29	0.73	-0.15	-0.3	-0.77
432	0.15	0.29	0.73	-0.15	-0.3	-0.77
433	0.15	0.28	0.73	-0.15	-0.3	-0.77
434	0.15	0.28	0.73	-0.15	-0.3	-0.77
435	0.15	0.28	0.73	-0.15	-0.31	-0.77
436	0.15	0.28	0.73	-0.15	-0.31	-0.77
437	0.15	0.28	0.73	-0.15	-0.3	-0.77
438	0.15	0.28	0.73	-0.15	-0.3	-0.77
439	0.15	0.28	0.73	-0.15	-0.31	-0.77
440	0.15	0.29	0.73	-0.15	-0.3	-0.77
441	0.15	0.29	0.73	-0.15	-0.3	-0.77
442	0.15	0.28	0.73	-0.15	-0.3	-0.77
443	0.15	0.29	0.73	-0.15	-0.3	-0.77
444	0.15	0.29	0.73	-0.15	-0.3	-0.77
445	0.15	0.29	0.73	-0.15	-0.31	-0.77
446	0.15	0.29	0.73	-0.15	-0.3	-0.76
447	0.15	0.29	0.73	-0.15	-0.3	-0.76
448	0.15	0.29	0.73	-0.15	-0.3	-0.77
449	0.14	0.28	0.73	-0.15	-0.31	-0.77
450	0.15	0.29	0.73	-0.15	-0.3	-0.77
451	0.15	0.29	0.73	-0.15	-0.3	-0.76
452	0.15	0.29	0.73	-0.15	-0.3	-0.76
453	0.15	0.29	0.74	-0.15	-0.3	-0.76
454	0.15	0.29	0.73	-0.15	-0.3	-0.76
455	0.15	0.29	0.73	-0.15	-0.3	-0.77
456	0.15	0.29	0.74	-0.15	-0.3	-0.77
457	0.15	0.29	0.73	-0.15	-0.3	-0.77
458	0.15	0.29	0.74	-0.15	-0.3	-0.77
459	0.15	0.29	0.73	-0.15	-0.3	-0.77
460	0.15	0.29	0.73	-0.15	-0.31	-0.77
461	0.15	0.29	0.73	-0.15	-0.31	-0.77
462	0.15	0.29	0.73	-0.15	-0.31	-0.77
463	0.15	0.29	0.74	-0.15	-0.31	-0.77
464	0.15	0.29	0.74	-0.15	-0.3	-0.77
465	0.15	0.29	0.73	-0.15	-0.3	-0.77
466	0.15	0.29	0.73	-0.15	-0.3	-0.77
467	0.15	0.28	0.73	-0.15	-0.31	-0.77
468	0.15	0.28	0.73	-0.15	-0.31	-0.77
469	0.15	0.28	0.73	-0.16	-0.31	-0.77
470	0.15	0.28	0.73	-0.15	-0.31	-0.77
471	0.15	0.28	0.73	-0.15	-0.31	-0.77
472	0.15	0.28	0.73	-0.15	-0.31	-0.77
473	0.15	0.29	0.73	-0.15	-0.3	-0.77
474	0.15	0.29	0.73	-0.15	-0.3	-0.77
475	0.15	0.29	0.73	-0.15	-0.3	-0.77
476	0.15	0.28	0.73	-0.15	-0.31	-0.77
477	0.15	0.28	0.73	-0.15	-0.3	-0.77
478	0.15	0.28	0.73	-0.15	-0.3	-0.77
479	0.15	0.29	0.73	-0.15	-0.3	-0.77
480	0.15	0.29	0.74	-0.15	-0.3	-0.77
481	0.15	0.29	0.74	-0.15	-0.3	-0.77
482	0.15	0.29	0.73	-0.15	-0.3	-0.78
483	0.15	0.29	0.74	-0.15	-0.3	-0.78
484	0.15	0.29	0.74	-0.15	-0.3	-0.78
485	0.15	0.29	0.74	-0.15	-0.3	-0.78
486	0.15	0.29	0.74	-0.15	-0.3	-0.77
487	0.15	0.29	0.74	-0.15	-0.3	-0.77
488	0.15	0.29	0.74	-0.15	-0.3	-0.77
489	0.15	0.29	0.74	-0.15	-0.31	-0.77
490	0.15	0.29	0.74	-0.15	-0.3	-0.77
491	0.15	0.29	0.74	-0.15	-0.3	-0.77
492	0.15	0.29	0.74	-0.15	-0.3	-0.77
493	0.15	0.29	0.74	-0.15	-0.3	-0.77
494	0.15	0.29	0.74	-0.15	-0.3	-0.77
495	0.15	0.29	0.74	-0.15	-0.3	-0.77
496	0.15	0.29	0.74	-0.15	-0.31	-0.77
497	0.15	0.29	0.74	-0.15	-0.3	-0.77
498	0.15	0.29	0.74	-0.15	-0.3	-0.78
499	0.15	0.29	0.74	-0.15	-0.3	-0.77
500	0.15	0.29	0.74	-0.15	-0.3	-0.77
501	0.15	0.29	0.74	-0.15	-0.3	-0.78
502	0.15	0.29	0.74	-0.15	-0.3	-0.78
503	0.15	0.3	0.74	-0.15	-0.3	-0.78
504	0.16	0.3	0.74	-0.15	-0.3	-0.78
505	0.16	0.3	0.74	-0.15	-0.3	-0.78
506	0.16	0.3	0.74	-0.15	-0.3	-0.78
507	0.15	0.3	0.74	-0.15	-0.3	-0.78
508	0.15	0.3	0.74	-0.15	-0.3	-0.78
509	0.15	0.3	0.74	-0.15	-0.3	-0.77
510	0.15	0.3	0.74	-0.15	-0.3	-0.78
511	0.15	0.3	0.74	-0.15	-0.3	-0.77
512	0.15	0.3	0.74	-0.15	-0.3	-0.77
513	0.15	0.3	0.74	-0.15	-0.3	-0.78
514	0.15	0.3	0.74	-0.15	-0.31	-0.78
515	0.15	0.3	0.74	-0.15	-0.31	-0.78
516	0.15	0.29	0.74	-0.15	-0.31	-0.78
517	0.15	0.29	0.74	-0.15	-0.31	-0.78
518	0.15	0.29	0.74	-0.15	-0.31	-0.77
519	0.15	0.29	0.74	-0.15	-0.31	-0.77
520	0.15	0.29	0.74	-0.15	-0.31	-0.78
521	0.15	0.29	0.74	-0.15	-0.3	-0.78
522	0.15	0.29	0.74	-0.15	-0.3	-0.78
523	0.15	0.29	0.74	-0.15	-0.31	-0.78
524	0.15	0.29	0.74	-0.15	-0.3	-0.77
525	0.15	0.29	0.74	-0.15	-0.3	-0.77
526	0.15	0.29	0.74	-0.15	-0.31	-0.78
527	0.15	0.29	0.74	-0.15	-0.31	-0.78
528	0.15	0.28	0.74	-0.16	-0.31	-0.78
529	0.15	0.28	0.74	-0.16	-0.31	-0.78
530	0.15	0.28	0.73	-0.16	-0.31	-0.78
531	0.15	0.29	0.74	-0.15	-0.3	-0.77
532	0.15	0.29	0.74	-0.15	-0.3	-0.78
533	0.15	0.29	0.74	-0.15	-0.31	-0.78
534	0.15	0.29	0.74	-0.15	-0.31	-0.78
535	0.15	0.28	0.74	-0.15	-0.31	-0.78
536	0.15	0.29	0.74	-0.15	-0.31	-0.78
537	0.15	0.29	0.74	-0.15	-0.31	-0.78
538	0.15	0.29	0.74	-0.15	-0.3	-0.78
539	0.15	0.29	0.74	-0.15	-0.31	-0.78
540	0.15	0.29	0.74	-0.15	-0.31	-0.78
541	0.15	0.29	0.74	-0.15	-0.31	-0.78
542	0.15	0.29	0.74	-0.15	-0.31	-0.78
543	0.15	0.29	0.74	-0.15	-0.31	-0.78
544	0.15	0.29	0.74	-0.15	-0.31	-0.78
545	0.15	0.29	0.74	-0.15	-0.31	-0.77
546	0.15	0.29	0.74	-0.15	-0.3	-0.77
547	0.15	0.29	0.74	-0.15	-0.3	-0.77
548	0.15	0.29	0.74	-0.15	-0.3	-0.78
549	0.15	0.29	0.74	-0.15	-0.31	-0.78
550	0.15	0.29	0.74	-0.15	-0.31	-0.78
551	0.15	0.29	0.74	-0.15	-0.31	-0.78
552	0.15	0.29	0.74	-0.15	-0.31	-0.78
553	0.15	0.29	0.74	-0.15	-0.31	-0.78
554	0.15	0.29	0.74	-0.15	-0.31	-0.78
555	0.15	0.29	0.74	-0.15	-0.31	-0.78
556	0.15	0.29	0.74	-0.15	-0.31	-0.78
557	0.15	0.29	0.74	-0.15	-0.31	-0.78
558	0.15	0.29	0.74	-0.15	-0.31	-0.78
559	0.15	0.29	0.74	-0.15	-0.31	-0.78
560	0.15	0.29	0.74	-0.15	-0.31	-0.78
561	0.15	0.29	0.74	-0.15	-0.3	-0.78
562	0.15	0.29	0.74	-0.15	-0.31	-0.78
563	0.15	0.29	0.74	-0.15	-0.3	-0.78
564	0.15	0.29	0.74	-0.15	-0.31	-0.78
565	0.15	0.29	0.74	-0.15	-0.31	-0.78
566	0.15	0.29	0.74	-0.15	-0.31	-0.78
567	0.15	0.29	0.74	-0.15	-0.31	-0.78
568	0.15	0.29	0.74	-0.15	-0.31	-0.78
569	0.15	0.29	0.74	-0.15	-0.31	-0.78
570	0.15	0.29	0.74	-0.15	-0.31	-0.78
571	0.15	0.29	0.74	-0.16	-0.31	-0.78
572	0.15	0.29	0.74	-0.16	-0.31	-0.79
573	0.15	0.29	0.74	-0.16	-0.31	-0.79
574	0.15	0.29	0.74	-0.16	-0.31	-0.79
575	0.15	0.29	0.74	-0.15	-0.31	-0.79
576	0.15	0.29	0.74	-0.15	-0.31	-0.78
577	0.15	0.29	0.74	-0.15	-0.31	-0.78
578	0.15	0.29	0.74	-0.15	-0.31	-0.78
579	0.15	0.29	0.74	-0.15	-0.31	-0.78
580	0.15	0.29	0.74	-0.15	-0.31	-0.78
581	0.15	0.29	0.74	-0.15	-0.31	-0.79
582	0.15	0.29	0.74	-0.15	-0.31	-0.79
583	0.15	0.29	0.74	-0.15	-0.31	-0.78
584	0.15	0.29	0.74	-0.15	-0.31	-0.78
585	0.15	0.29	0.74	-0.15	-0.31	-0.78
586	0.15	0.29	0.74	-0.15	-0.31	-0.78
587	0.15	0.29	0.74	-0.15	-0.31	-0.78
588	0.15	0.29	0.74	-0.15	-0.31	-0.78
589	0.15	0.29	0.74	-0.15	-0.31	-0.78
590	0.15	0.29	0.74	-0.15	-0.31	-0.78
591	0.15	0.29	0.74	-0.15	-0.31	-0.78
592	0.15	0.29	0.74	-0.15	-0.31	-0.78
593	0.15	0.29	0.74	-0.15	-0.31	-0.78
594	0.15	0.29	0.74	-0.15	-0.31	-0.79
595	0.15	0.29	0.74	-0.15	-0.31	-0.79
596	0.15	0.29	0.74	-0.15	-0.31	-0.78
597	0.15	0.29	0.74	-0.15	-0.31	-0.78
598	0.15	0.29	0.74	-0.15	-0.31	-0.78
599	0.15	0.29	0.74	-0.15	-0.31	-0.78
600	0.15	0.29	0.74	-0.15	-0.31	-0.79
601	0.15	0.29	0.74	-0.15	-0.31	-0.79
602	0.15	0.29	0.74	-0.15	-0.31	-0.79
603	0.15	0.29	0.74	-0.15	-0.31	-0.79
604	0.15	0.29	0.74	-0.15	-0.31	-0.79
605	0.15	0.29	0.74	-0.15	-0.31	-0.79
606	0.15	0.29	0.74	-0.15	-0.31	-0.78
607	0.15	0.29	0.74	-0.15	-0.31	-0.78
608	0.15	0.29	0.74	-0.15	-0.31	-0.78
609	0.15	0.29	0.74	-0.15	-0.31	-0.78
610	0.15	0.29	0.74	-0.15	-0.31	-0.78
611	0.15	0.29	0.74	-0.15	-0.31	-0.78
612	0.15	0.29	0.74	-0.15	-0.31	-0.78
613	0.15	0.29	0.74	-0.15	-0.31	-0.78
614	0.15	0.29	0.74	-0.15	-0.31	-0.78
615	0.15	0.29	0.74	-0.15	-0.31	-0.78
616	0.15	0.29	0.74	-0.15	-0.31	-0.78
617	0.16	0.29	0.74	-0.15	-0.31	-0.78
618	0.15	0.29	0.74	-0.15	-0.31	-0.78
619	0.15	0.29	0.74	-0.15	-0.31	-0.78
620	0.15	0.29	0.74	-0.15	-0.31	-0.79
621	0.15	0.29	0.74	-0.15	-0.31	-0.79
622	0.16	0.29	0.74	-0.15	-0.31	-0.79
623	0.16	0.29	0.74	-0.15	-0.31	-0.79
624	0.15	0.29	0.74	-0.15	-0.31	-0.79
625	0.15	0.29	0.74	-0.15	-0.31	-0.79
626	0.16	0.29	0.74	-0.15	-0.31	-0.79
627	0.15	0.29	0.74	-0.15	-0.31	-0.79
628	0.15	0.29	0.74	-0.15	-0.31	-0.79
629	0.15	0.29	0.74	-0.15	-0.31	-0.79
630	0.15	0.29	0.74	-0.15	-0.31	-0.79
631	0.15	0.29	0.74	-0.15	-0.31	-0.79
632	0.15	0.29	0.74	-0.15	-0.31	-0.79
633	0.15	0.29	0.74	-0.15	-0.31	-0.79
634	0.15	0.29	0.74	-0.16	-0.31	-0.79
635	0.15	0.29	0.74	-0.15	-0.31	-0.78
636	0.15	0.29	0.74	-0.15	-0.31	-0.79
637	0.15	0.29	0.74	-0.15	-0.31	-0.79
638	0.15	0.29	0.74	-0.15	-0.31	-0.79
639	0.15	0.29	0.74	-0.15	-0.31	-0.79
640	0.15	0.29	0.74	-0.15	-0.31	-0.79
641	0.15	0.29	0.74	-0.15	-0.31	-0.79
642	0.15	0.29	0.74	-0.15	-0.31	-0.79
643	0.15	0.29	0.74	-0.15	-0.31	-0.79
644	0.15	0.29	0.74	-0.15	-0.31	-0.79
645	0.15	0.29	0.74	-0.15	-0.31	-0.79
646	0.15	0.29	0.74	-0.15	-0.31	-0.79
647	0.15	0.29	0.74	-0.15	-0.31	-0.79
648	0.15	0.29	0.74	-0.15	-0.31	-0.79
649	0.15	0.29	0.74	-0.15	-0.31	-0.79
650	0.15	0.29	0.74	-0.15	-0.31	-0.79
651	0.15	0.29	0.74	-0.15	-0.31	-0.79
652	0.15	0.29	0.74	-0.15	-0.31	-0.79
653	0.15	0.29	0.74	-0.15	-0.31	-0.79
654	0.15	0.29	0.74	-0.15	-0.31	-0.78
655	0.15	0.3	0.75	-0.15	-0.31	-0.78
656	0.15	0.3	0.75	-0.15	-0.31	-0.79
657	0.15	0.3	0.75	-0.15	-0.31	-0.79
658	0.15	0.3	0.75	-0.15	-0.31	-0.79
659	0.15	0.3	0.75	-0.15	-0.31	-0.79
660	0.15	0.3	0.75	-0.15	-0.31	-0.79
661	0.15	0.3	0.75	-0.15	-0.31	-0.79
662	0.15	0.3	0.75	-0.15	-0.31	-0.79
663	0.15	0.3	0.75	-0.15	-0.31	-0.79
664	0.15	0.3	0.74	-0.15	-0.31	-0.79
665	0.15	0.3	0.74	-0.15	-0.31	-0.79
666	0.15	0.3	0.75	-0.15	-0.31	-0.79
667	0.15	0.3	0.75	-0.15	-0.31	-0.79
668	0.16	0.3	0.75	-0.15	-0.31	-0.79
669	0.16	0.3	0.75	-0.15	-0.31	-0.79
670	0.16	0.3	0.74	-0.15	-0.31	-0.79
671	0.16	0.3	0.75	-0.15	-0.31	-0.79
672	0.16	0.3	0.75	-0.15	-0.31	-0.79
673	0.15	0.29	0.74	-0.16	-0.31	-0.79
674	0.15	0.29	0.74	-0.16	-0.31	-0.79
675	0.15	0.29	0.74	-0.16	-0.31	-0.79
676	0.15	0.29	0.74	-0.16	-0.31	-0.79
677	0.15	0.29	0.74	-0.15	-0.31	-0.79
678	0.16	0.29	0.75	-0.15	-0.31	-0.79
679	0.16	0.29	0.75	-0.15	-0.31	-0.79
680	0.16	0.29	0.75	-0.15	-0.31	-0.79
681	0.16	0.29	0.75	-0.15	-0.31	-0.79
682	0.15	0.29	0.74	-0.15	-0.31	-0.79
683	0.15	0.29	0.74	-0.15	-0.31	-0.79
684	0.15	0.28	0.74	-0.16	-0.31	-0.79
685	0.15	0.29	0.74	-0.16	-0.31	-0.79
686	0.15	0.29	0.75	-0.15	-0.31	-0.79
687	0.15	0.29	0.75	-0.15	-0.31	-0.79
688	0.16	0.29	0.75	-0.15	-0.31	-0.79
689	0.15	0.29	0.75	-0.15	-0.31	-0.79
690	0.15	0.29	0.75	-0.15	-0.31	-0.79
691	0.15	0.3	0.75	-0.15	-0.31	-0.79
692	0.15	0.3	0.75	-0.15	-0.31	-0.79
693	0.15	0.3	0.75	-0.15	-0.31	-0.79
694	0.15	0.3	0.75	-0.15	-0.31	-0.8
695	0.15	0.3	0.75	-0.15	-0.31	-0.8
696	0.15	0.31	0.75	-0.15	-0.31	-0.79
697	0.16	0.3	0.75	-0.15	-0.31	-0.79
698	0.16	0.31	0.75	-0.15	-0.31	-0.79
699	0.16	0.31	0.75	-0.15	-0.31	-0.79
700	0.16	0.31	0.75	-0.15	-0.31	-0.79
701	0.16	0.31	0.75	-0.15	-0.31	-0.8
702	0.15	0.31	0.75	-0.15	-0.31	-0.8
703	0.16	0.31	0.75	-0.15	-0.31	-0.79
704	0.16	0.3	0.75	-0.15	-0.31	-0.79
705	0.16	0.3	0.75	-0.15	-0.31	-0.79
706	0.15	0.3	0.75	-0.15	-0.31	-0.8
707	0.15	0.3	0.75	-0.15	-0.31	-0.8
708	0.15	0.3	0.75	-0.15	-0.31	-0.8
709	0.15	0.3	0.75	-0.15	-0.31	-0.79
710	0.16	0.3	0.75	-0.15	-0.31	-0.79
711	0.16	0.3	0.75	-0.15	-0.31	-0.79
712	0.15	0.29	0.75	-0.15	-0.31	-0.8
713	0.15	0.29	0.75	-0.15	-0.31	-0.8
714	0.15	0.29	0.75	-0.15	-0.31	-0.8
715	0.15	0.29	0.75	-0.15	-0.31	-0.79
716	0.15	0.29	0.75	-0.15	-0.31	-0.79
717	0.15	0.29	0.75	-0.15	-0.31	-0.79
718	0.15	0.29	0.75	-0.15	-0.31	-0.79
719	0.15	0.29	0.75	-0.15	-0.31	-0.79
720	0.15	0.29	0.75	-0.15	-0.31	-0.79
721	0.15	0.3	0.75	-0.15	-0.31	-0.79
722	0.15	0.3	0.75	-0.15	-0.31	-0.8
723	0.15	0.3	0.75	-0.15	-0.31	-0.79
724	0.15	0.3	0.75	-0.15	-0.32	-0.79
725	0.15	0.3	0.75	-0.15	-0.32	-0.79
726	0.15	0.3	0.75	-0.15	-0.32	-0.79
727	0.15	0.3	0.75	-0.16	-0.32	-0.79
728	0.15	0.3	0.75	-0.16	-0.32	-0.8
729	0.15	0.3	0.75	-0.16	-0.32	-0.79
730	0.15	0.31	0.75	-0.16	-0.32	-0.79
731	0.16	0.31	0.75	-0.15	-0.32	-0.79
732	0.16	0.31	0.75	-0.15	-0.32	-0.79
733	0.16	0.31	0.75	-0.15	-0.32	-0.79
734	0.15	0.31	0.75	-0.15	-0.32	-0.79
735	0.15	0.31	0.75	-0.15	-0.32	-0.79
736	0.15	0.31	0.75	-0.15	-0.32	-0.79
737	0.16	0.3	0.75	-0.15	-0.32	-0.79
738	0.16	0.3	0.75	-0.15	-0.32	-0.79
739	0.16	0.3	0.75	-0.15	-0.32	-0.8
740	0.16	0.3	0.75	-0.15	-0.32	-0.8
741	0.16	0.3	0.75	-0.15	-0.32	-0.79
742	0.15	0.3	0.75	-0.15	-0.32	-0.8
743	0.15	0.3	0.75	-0.15	-0.32	-0.8
744	0.16	0.3	0.75	-0.15	-0.32	-0.8
745	0.15	0.3	0.75	-0.15	-0.32	-0.8
746	0.15	0.3	0.75	-0.15	-0.32	-0.79
747	0.15	0.3	0.75	-0.15	-0.32	-0.79
748	0.15	0.3	0.75	-0.15	-0.32	-0.8
749	0.15	0.29	0.75	-0.15	-0.32	-0.8
750	0.15	0.29	0.75	-0.15	-0.32	-0.8
751	0.15	0.29	0.75	-0.15	-0.32	-0.8
752	0.15	0.3	0.75	-0.15	-0.32	-0.8
753	0.15	0.3	0.75	-0.15	-0.32	-0.8
754	0.15	0.3	0.75	-0.15	-0.32	-0.8
755	0.15	0.3	0.75	-0.15	-0.32	-0.79
756	0.15	0.3	0.75	-0.15	-0.32	-0.8
757	0.15	0.3	0.75	-0.15	-0.32	-0.8
758	0.15	0.3	0.75	-0.15	-0.32	-0.8
759	0.15	0.3	0.75	-0.15	-0.33	-0.8
760	0.15	0.3	0.75	-0.16	-0.33	-0.8
761	0.15	0.31	0.75	-0.15	-0.33	-0.8
762	0.15	0.31	0.75	-0.16	-0.33	-0.8
763	0.15	0.31	0.75	-0.16	-0.33	-0.8
764	0.15	0.3	0.75	-0.16	-0.33	-0.8
765	0.15	0.3	0.75	-0.16	-0.33	-0.8
766	0.16	0.3	0.75	-0.15	-0.32	-0.8
767	0.16	0.3	0.75	-0.15	-0.32	-0.8
768	0.16	0.31	0.75	-0.15	-0.32	-0.8
769	0.15	0.31	0.75	-0.15	-0.33	-0.8
770	0.15	0.31	0.75	-0.15	-0.32	-0.8
771	0.15	0.3	0.75	-0.15	-0.32	-0.79
772	0.15	0.3	0.75	-0.15	-0.32	-0.79
773	0.15	0.3	0.75	-0.16	-0.32	-0.8
774	0.15	0.3	0.75	-0.16	-0.32	-0.79
775	0.15	0.3	0.75	-0.16	-0.32	-0.79
776	0.15	0.3	0.75	-0.16	-0.32	-0.79
777	0.15	0.3	0.75	-0.15	-0.32	-0.8
778	0.15	0.3	0.75	-0.15	-0.32	-0.8
779	0.15	0.3	0.75	-0.15	-0.32	-0.8
780	0.15	0.3	0.75	-0.16	-0.32	-0.8
781	0.15	0.3	0.75	-0.15	-0.33	-0.79
782	0.15	0.3	0.75	-0.15	-0.33	-0.8
783	0.15	0.3	0.75	-0.15	-0.32	-0.8
784	0.15	0.3	0.75	-0.15	-0.32	-0.8
785	0.15	0.3	0.75	-0.15	-0.32	-0.8
786	0.15	0.3	0.75	-0.15	-0.32	-0.8
787	0.15	0.3	0.75	-0.15	-0.33	-0.79
788	0.15	0.3	0.75	-0.15	-0.33	-0.79
789	0.15	0.3	0.75	-0.15	-0.33	-0.8
790	0.15	0.3	0.75	-0.15	-0.33	-0.8
791	0.15	0.3	0.75	-0.15	-0.32	-0.8
792	0.15	0.3	0.75	-0.15	-0.32	-0.8
793	0.15	0.31	0.75	-0.15	-0.33	-0.79
794	0.15	0.31	0.75	-0.15	-0.33	-0.79
795	0.15	0.31	0.75	-0.15	-0.32	-0.8
796	0.16	0.31	0.75	-0.15	-0.32	-0.8
797	0.16	0.31	0.75	-0.15	-0.32	-0.8
798	0.16	0.31	0.75	-0.15	-0.32	-0.8
799	0.16	0.31	0.75	-0.15	-0.32	-0.79
800	0.16	0.31	0.75	-0.15	-0.32	-0.79
801	0.16	0.31	0.75	-0.15	-0.32	-0.8
802	0.16	0.31	0.75	-0.15	-0.32	-0.8
803	0.16	0.3	0.75	-0.15	-0.33	-0.8
804	0.15	0.3	0.75	-0.15	-0.33	-0.8
805	0.16	0.3	0.75	-0.15	-0.33	-0.8
806	0.15	0.3	0.75	-0.15	-0.33	-0.8
807	0.15	0.3	0.75	-0.15	-0.33	-0.8
808	0.16	0.3	0.75	-0.15	-0.33	-0.8
809	0.15	0.3	0.75	-0.15	-0.33	-0.8
810	0.15	0.3	0.75	-0.15	-0.33	-0.8
811	0.15	0.3	0.75	-0.15	-0.33	-0.8
812	0.15	0.3	0.75	-0.15	-0.33	-0.8
813	0.15	0.3	0.75	-0.15	-0.33	-0.8
814	0.15	0.3	0.75	-0.15	-0.33	-0.8
815	0.15	0.3	0.75	-0.15	-0.33	-0.8
816	0.15	0.3	0.75	-0.15	-0.33	-0.8
817	0.15	0.3	0.75	-0.15	-0.33	-0.8
818	0.15	0.3	0.75	-0.15	-0.33	-0.8
819	0.15	0.3	0.75	-0.15	-0.33	-0.8
820	0.15	0.3	0.75	-0.16	-0.33	-0.8
821	0.15	0.3	0.75	-0.16	-0.33	-0.8
822	0.15	0.3	0.75	-0.16	-0.33	-0.8
823	0.15	0.31	0.75	-0.16	-0.32	-0.8
824	0.15	0.3	0.75	-0.16	-0.33	-0.8
825	0.15	0.31	0.75	-0.16	-0.33	-0.8
826	0.15	0.31	0.75	-0.16	-0.33	-0.8
827	0.15	0.3	0.75	-0.16	-0.33	-0.8
828	0.15	0.3	0.75	-0.16	-0.33	-0.8
829	0.15	0.3	0.75	-0.16	-0.33	-0.8
830	0.15	0.3	0.75	-0.15	-0.33	-0.8
831	0.15	0.3	0.75	-0.15	-0.33	-0.8
832	0.15	0.3	0.75	-0.15	-0.33	-0.8
833	0.15	0.3	0.75	-0.15	-0.33	-0.8
834	0.15	0.3	0.75	-0.16	-0.33	-0.8
835	0.15	0.3	0.75	-0.16	-0.33	-0.8
836	0.15	0.3	0.75	-0.16	-0.33	-0.8
837	0.15	0.3	0.75	-0.15	-0.33	-0.8
838	0.16	0.3	0.75	-0.15	-0.33	-0.8
839	0.16	0.3	0.76	-0.15	-0.33	-0.8
840	0.15	0.3	0.75	-0.15	-0.33	-0.8
841	0.15	0.31	0.75	-0.15	-0.33	-0.8
842	0.15	0.31	0.75	-0.15	-0.33	-0.8
843	0.15	0.31	0.75	-0.15	-0.33	-0.8
844	0.16	0.3	0.75	-0.15	-0.33	-0.8
845	0.16	0.3	0.75	-0.16	-0.33	-0.8
846	0.16	0.3	0.75	-0.15	-0.33	-0.8
847	0.16	0.31	0.75	-0.15	-0.33	-0.8
848	0.16	0.31	0.75	-0.16	-0.33	-0.8
849	0.16	0.31	0.75	-0.15	-0.33	-0.8
850	0.16	0.3	0.75	-0.16	-0.33	-0.8
851	0.16	0.3	0.75	-0.15	-0.33	-0.8
852	0.15	0.3	0.75	-0.16	-0.33	-0.8
853	0.16	0.31	0.75	-0.15	-0.33	-0.8
854	0.15	0.31	0.75	-0.15	-0.33	-0.8
855	0.15	0.31	0.76	-0.15	-0.33	-0.8
856	0.16	0.31	0.76	-0.15	-0.33	-0.8
857	0.16	0.31	0.76	-0.15	-0.33	-0.8
858	0.15	0.31	0.75	-0.16	-0.33	-0.8
859	0.15	0.31	0.75	-0.16	-0.33	-0.8
860	0.15	0.3	0.75	-0.16	-0.33	-0.8
861	0.15	0.3	0.75	-0.16	-0.33	-0.8
862	0.15	0.3	0.75	-0.16	-0.33	-0.81
863	0.15	0.3	0.75	-0.16	-0.33	-0.81
864	0.15	0.3	0.75	-0.16	-0.33	-0.81
865	0.15	0.31	0.75	-0.16	-0.33	-0.8
866	0.15	0.31	0.75	-0.16	-0.33	-0.8
867	0.15	0.3	0.75	-0.16	-0.33	-0.8
868	0.15	0.3	0.75	-0.16	-0.33	-0.8
869	0.15	0.31	0.75	-0.16	-0.33	-0.81
870	0.16	0.31	0.75	-0.16	-0.33	-0.8
871	0.16	0.31	0.75	-0.16	-0.33	-0.8
872	0.16	0.31	0.75	-0.16	-0.33	-0.8
873	0.15	0.31	0.75	-0.16	-0.33	-0.8
874	0.15	0.31	0.75	-0.15	-0.33	-0.8
875	0.15	0.31	0.75	-0.15	-0.33	-0.8
876	0.16	0.31	0.76	-0.15	-0.33	-0.8
877	0.16	0.31	0.76	-0.15	-0.33	-0.8
878	0.16	0.31	0.76	-0.15	-0.33	-0.8
879	0.16	0.31	0.76	-0.15	-0.33	-0.8
880	0.16	0.31	0.76	-0.15	-0.33	-0.8
881	0.16	0.31	0.76	-0.15	-0.32	-0.8
882	0.16	0.31	0.76	-0.15	-0.33	-0.8
883	0.16	0.31	0.76	-0.15	-0.33	-0.8
884	0.16	0.31	0.76	-0.15	-0.33	-0.8
885	0.16	0.31	0.76	-0.15	-0.33	-0.8
886	0.16	0.31	0.76	-0.15	-0.33	-0.8
887	0.16	0.31	0.76	-0.15	-0.33	-0.8
888	0.16	0.31	0.76	-0.15	-0.33	-0.8
889	0.16	0.31	0.76	-0.15	-0.33	-0.8
890	0.16	0.31	0.76	-0.15	-0.33	-0.8
891	0.16	0.31	0.76	-0.15	-0.33	-0.8
892	0.16	0.31	0.76	-0.15	-0.33	-0.8
893	0.16	0.31	0.76	-0.15	-0.33	-0.8
894	0.16	0.31	0.76	-0.15	-0.33	-0.8
895	0.16	0.31	0.76	-0.15	-0.33	-0.8
896	0.16	0.3	0.75	-0.16	-0.33	-0.8
897	0.15	0.31	0.76	-0.15	-0.33	-0.8
898	0.16	0.31	0.75	-0.16	-0.33	-0.8
899	0.16	0.31	0.76	-0.15	-0.33	-0.8
900	0.16	0.3	0.75	-0.16	-0.33	-0.8
901	0.15	0.3	0.75	-0.16	-0.33	-0.8
902	0.15	0.3	0.75	-0.16	-0.33	-0.8
903	0.15	0.31	0.75	-0.16	-0.33	-0.8
904	0.15	0.31	0.75	-0.16	-0.33	-0.8
905	0.16	0.31	0.76	-0.16	-0.33	-0.8
906	0.16	0.31	0.76	-0.15	-0.33	-0.8
907	0.16	0.31	0.76	-0.15	-0.33	-0.8
908	0.16	0.31	0.76	-0.15	-0.33	-0.8
909	0.15	0.31	0.75	-0.16	-0.33	-0.81
910	0.15	0.31	0.76	-0.16	-0.33	-0.81
911	0.16	0.31	0.76	-0.15	-0.33	-0.81
912	0.16	0.31	0.76	-0.15	-0.33	-0.8
913	0.16	0.31	0.76	-0.15	-0.33	-0.8
914	0.16	0.31	0.76	-0.15	-0.33	-0.8
915	0.16	0.31	0.76	-0.15	-0.33	-0.8
916	0.16	0.31	0.76	-0.15	-0.33	-0.8
917	0.16	0.31	0.76	-0.15	-0.33	-0.8
918	0.16	0.31	0.76	-0.15	-0.33	-0.8
919	0.16	0.31	0.76	-0.15	-0.33	-0.8
920	0.16	0.31	0.76	-0.16	-0.33	-0.81
921	0.16	0.31	0.76	-0.15	-0.33	-0.81
922	0.16	0.31	0.76	-0.15	-0.33	-0.81
923	0.16	0.31	0.76	-0.15	-0.33	-0.8
924	0.16	0.31	0.76	-0.15	-0.33	-0.8
925	0.16	0.3	0.76	-0.15	-0.33	-0.8
926	0.16	0.31	0.76	-0.15	-0.33	-0.8
927	0.16	0.31	0.76	-0.15	-0.33	-0.81
928	0.16	0.31	0.76	-0.16	-0.33	-0.8
929	0.16	0.31	0.76	-0.15	-0.33	-0.8
930	0.16	0.31	0.76	-0.15	-0.33	-0.8
931	0.16	0.31	0.76	-0.15	-0.33	-0.8
932	0.16	0.3	0.76	-0.15	-0.33	-0.8
933	0.16	0.31	0.76	-0.15	-0.33	-0.8
934	0.16	0.3	0.76	-0.16	-0.33	-0.81
935	0.16	0.3	0.76	-0.16	-0.33	-0.81
936	0.16	0.3	0.75	-0.16	-0.33	-0.81
937	0.16	0.3	0.76	-0.16	-0.33	-0.81
938	0.16	0.3	0.76	-0.16	-0.33	-0.8
939	0.16	0.3	0.76	-0.16	-0.33	-0.8
940	0.16	0.31	0.76	-0.16	-0.33	-0.8
941	0.16	0.3	0.76	-0.16	-0.33	-0.8
942	0.16	0.3	0.75	-0.16	-0.33	-0.8
943	0.16	0.3	0.76	-0.16	-0.33	-0.8
944	0.15	0.3	0.76	-0.16	-0.33	-0.8
945	0.16	0.3	0.76	-0.16	-0.33	-0.8
946	0.15	0.3	0.76	-0.16	-0.33	-0.8
947	0.16	0.3	0.76	-0.16	-0.33	-0.81
948	0.16	0.3	0.76	-0.16	-0.33	-0.8
949	0.16	0.3	0.76	-0.16	-0.33	-0.81
950	0.16	0.3	0.76	-0.15	-0.33	-0.81
951	0.16	0.31	0.76	-0.15	-0.33	-0.8
952	0.16	0.31	0.76	-0.15	-0.33	-0.8
953	0.16	0.31	0.76	-0.15	-0.33	-0.8
954	0.16	0.31	0.76	-0.15	-0.33	-0.81
955	0.16	0.31	0.76	-0.15	-0.33	-0.81
956	0.16	0.31	0.76	-0.15	-0.33	-0.8
957	0.16	0.31	0.76	-0.15	-0.33	-0.8
958	0.16	0.31	0.76	-0.15	-0.33	-0.8
959	0.16	0.31	0.76	-0.15	-0.33	-0.81
960	0.16	0.31	0.76	-0.15	-0.33	-0.81
961	0.16	0.31	0.76	-0.15	-0.33	-0.81
962	0.16	0.31	0.76	-0.15	-0.33	-0.81
963	0.16	0.31	0.76	-0.15	-0.33	-0.81
964	0.16	0.31	0.76	-0.15	-0.33	-0.81
965	0.16	0.31	0.76	-0.15	-0.33	-0.81
966	0.16	0.31	0.76	-0.16	-0.33	-0.81
967	0.16	0.31	0.76	-0.15	-0.33	-0.81
968	0.16	0.31	0.76	-0.15	-0.33	-0.81
969	0.16	0.31	0.76	-0.15	-0.33	-0.81
970	0.16	0.31	0.76	-0.15	-0.33	-0.81
971	0.16	0.31	0.76	-0.15	-0.33	-0.81
972	0.16	0.31	0.76	-0.15	-0.33	-0.81
973	0.16	0.31	0.76	-0.15	-0.33	-0.81
974	0.16	0.31	0.76	-0.15	-0.33	-0.81
975	0.16	0.31	0.76	-0.15	-0.33	-0.81
976	0.16	0.31	0.76	-0.16	-0.33	-0.81
977	0.16	0.31	0.76	-0.15	-0.33	-0.81
978	0.16	0.31	0.76	-0.16	-0.33	-0.81
979	0.15	0.31	0.76	-0.15	-0.33	-0.81
980	0.16	0.31	0.76	-0.16	-0.33	-0.81
981	0.16	0.31	0.76	-0.15	-0.33	-0.81
982	0.16	0.31	0.76	-0.16	-0.33	-0.81
983	0.16	0.31	0.76	-0.15	-0.33	-0.81
984	0.16	0.31	0.76	-0.16	-0.33	-0.81
985	0.16	0.31	0.76	-0.16	-0.34	-0.81
986	0.16	0.31	0.76	-0.16	-0.33	-0.81
987	0.16	0.31	0.76	-0.15	-0.33	-0.81
988	0.16	0.31	0.76	-0.16	-0.33	-0.81
989	0.16	0.31	0.76	-0.15	-0.33	-0.81
990	0.16	0.31	0.76	-0.16	-0.33	-0.81
991	0.16	0.31	0.76	-0.15	-0.33	-0.81
992	0.16	0.31	0.76	-0.16	-0.33	-0.81
993	0.15	0.31	0.76	-0.16	-0.33	-0.81
994	0.15	0.31	0.76	-0.16	-0.33	-0.81
995	0.15	0.31	0.76	-0.16	-0.33	-0.81
996	0.16	0.31	0.76	-0.16	-0.33	-0.81
997	0.15	0.31	0.76	-0.16	-0.33	-0.81
998	0.15	0.3	0.76	-0.16	-0.33	-0.81
999	0.15	0.3	0.76	-0.16	-0.33	-0.81
1000	0.15	0.3	0.76	-0.16	-0.33	-0.81